59746.962789 4.333158 0.000118 1.69 9.8109025 10.0099400 5.8925000 399.22 200.00 GMRT band3
59897.498495 4.333321 0.000079 2.05 5.2414563 5.1975989 2.7900000 399.22 200.00 GMRT band3
59936.405960 4.333250 0.000086 1.68 3.3457665 3.3420042 2.2110000 399.22 200.00 GMRT band3
59954.334780 4.333058 0.000156 3.28 34.3986209 35.2068801 8.6305000 399.22 200.00 GMRT band3
59974.366377 4.333323 0.000011 1362.71 0.1780492 0.1870454 0.0225000 399.22 200.00 GMRT band3
59994.228067 4.333325 0.000074 2.19 4.0920319 4.0498907 1.9720000 399.22 200.00 GMRT band3
60071.057754 4.333428 0.000187 2.99 20.8219863 20.5720819 2.0300000 399.22 200.00 GMRT band3
60090.037326 4.333319 0.000093 2.40 4.4337926 4.4057801 2.1680000 399.22 200.00 GMRT band3
60107.945254 4.333110 0.000129 1.83 3.1560057 3.1797713 1.8390000 399.22 200.00 GMRT band3
60128.903877 4.333290 0.000031 1.32 1.2212751 1.2345590 1.0050000 399.22 200.00 GMRT band3
60149.815856 4.333273 0.000213 1.44 8.1482540 8.0332421 4.2795000 399.22 200.00 GMRT band3
60164.837673 4.333268 0.000141 2.56 19.0509980 19.0812795 8.4300000 399.22 200.00 GMRT band3
60184.726794 4.333260 0.000075 2.05 3.4865957 3.5280892 2.2155000 399.22 200.00 GMRT band3
60203.697164 4.333501 0.000192 0.75 13.7555980 14.4452871 9.5960000 399.22 200.00 GMRT band3
60248.819271 4.333064 0.000109 1.01 6.5595767 5.6604603 3.7740000 399.22 200.00 GMRT band3
60267.764988 4.332954 0.000709 0.81 113.2302462 111.1465747 42.4580000 399.22 200.00 GMRT band3
60288.719850 4.333330 0.000107 2.76 5.7534488 5.6961337 2.7710000 399.22 200.00 GMRT band3
60314.657291 4.333153 0.000130 0.93 9.7823072 10.2628052 4.6680000 399.22 200.00 GMRT band3
60328.610706 4.333040 0.000269 0.69 9.6769444 9.4784040 10.7550000 399.95 200.00 GMRT band3
60349.560706 4.332991 0.000095 2.19 6.0556740 5.9661043 2.9270000 399.22 200.00 GMRT band3
60371.495775 4.333750 0.000281 2.15 18.4832436 18.6940984 8.2225000 399.22 200.00 GMRT band3
60388.435475 4.333925 0.000082 0.86 9.0290587 6.2297382 4.3280000 399.22 200.00 GMRT band3
