59897.525637 13.764650 0.000072 1.05 2.9070879 2.8865170 3.3240000 399.22 200.00 GMRT band3
59936.432350 13.764663 0.000025 1.07 2.2443134 2.1963959 1.0250000 399.22 200.00 GMRT band3
59954.356192 13.764779 0.000051 1.38 4.0462965 3.7216406 1.9010000 399.22 200.00 GMRT band3
59974.394676 13.764780 0.000022 0.51 1.6800732 1.4560042 1.1595000 399.22 200.00 GMRT band3
59994.251215 13.764940 0.000044 1.25 3.7219656 2.8907688 2.5110000 399.22 200.00 GMRT band3
60034.210243 13.765039 0.000056 0.66 5.6794838 4.4209934 2.8555000 399.22 200.00 GMRT band3
60071.084548 13.764809 0.000055 2.71 2.7978399 2.8318571 1.8505000 399.22 200.00 GMRT band3
60090.007407 13.764735 0.000035 1.06 2.0683721 2.0352058 1.7585000 399.22 200.00 GMRT band3
60107.971412 13.764751 0.000032 1.16 1.6772936 1.5611565 1.3705000 399.22 200.00 GMRT band3
60128.878009 13.764659 0.000017 1.31 0.9821749 0.9998979 0.7105000 399.22 200.00 GMRT band3
60149.872164 13.764694 0.000018 1.31 0.9765258 0.9805209 0.7190000 399.22 200.00 GMRT band3
60164.813715 13.764711 0.000025 1.04 1.6853023 1.6689104 1.2750000 399.22 200.00 GMRT band3
60184.753299 13.764702 0.000020 1.11 1.2088284 1.1843377 0.9200000 399.22 200.00 GMRT band3
60203.723553 13.764860 0.000134 1.75 6.4909322 6.3407149 4.8850000 399.22 200.00 GMRT band3
60248.792650 13.764735 0.000024 1.47 2.1143512 1.9921443 1.1150000 399.22 200.00 GMRT band3
60267.738657 13.764660 0.000038 0.50 2.7999381 2.7302903 2.8340000 399.22 200.00 GMRT band3
60288.682928 13.764836 0.000080 1.15 6.9563698 7.1304462 4.4270000 399.22 200.00 GMRT band3
60314.625463 13.764738 0.000048 1.11 4.1033295 4.1082158 2.3235000 399.22 200.00 GMRT band3
60328.575868 13.765001 0.000103 1.10 5.2051001 4.6115464 4.0100000 399.95 200.00 GMRT band3
60349.523206 13.764764 0.000022 1.10 1.3509460 1.2564258 0.9270000 399.22 200.00 GMRT band3
60371.465567 13.765027 0.000035 0.49 3.0993265 1.5043052 1.9530000 399.22 200.00 GMRT band3
60388.409201 13.765449 0.000047 1.10 6.3136174 3.5752351 2.4200000 399.22 200.00 GMRT band3
