58243.423669 2.646490 0.000499 2.39 11.5719537 9.8390338 4.1550000 449.95 100.00 GMRT band3
58251.376447 2.644694 0.000206 1.53 6.9035063 4.7284314 3.0115000 449.95 100.00 GMRT band3
58266.301562 2.642407 0.000458 2.09 7.8142908 55.4091822 4.5060000 449.95 100.00 GMRT band3
58284.301505 2.644372 0.000299 4.29 8.8975428 7.5025946 2.8870000 449.95 100.00 GMRT band3
58299.266262 2.645523 0.000424 4.10 12.4819144 10.8918468 3.6800000 449.95 100.00 GMRT band3
58315.224595 2.646009 0.000833 1.67 15.4581394 14.7112158 8.5650000 449.95 100.00 GMRT band3
58333.146239 2.643332 0.000263 2.13 6.3157418 5.7482786 3.3835000 449.95 100.00 GMRT band3
58347.102662 2.644519 0.000292 2.80 6.2454401 5.2613425 2.7020000 449.95 100.00 GMRT band3
58363.079283 2.643057 0.000192 1.04 3.7592436 3.5533336 2.8350000 449.95 100.00 GMRT band3
58378.038947 2.644391 0.000369 1.64 9.1112772 8.4993384 4.9090000 449.95 100.00 GMRT band3
58448.874421 2.644968 0.000416 1.86 11.5391081 11.0203178 5.3890000 449.95 100.00 GMRT band3
58462.828993 2.644074 0.000128 1.28 5.3138772 3.7625039 1.6920000 449.95 100.00 GMRT band3
58476.811342 2.643855 0.000315 2.76 6.3579157 5.8031866 3.1110000 449.95 100.00 GMRT band3
58504.696354 2.643659 0.000099 0.14 3.0444023 2.1516656 4.5110000 449.95 100.00 GMRT band3
58517.704688 2.642863 0.000340 5.03 8.5219883 8.5219311 2.4430000 449.95 100.00 GMRT band3
58560.529341 2.645201 0.000436 1.41 11.7344945 11.2307127 7.0380000 449.95 100.00 GMRT band3
57908.300521 2.644813 0.000064 4.24 20.8629704 7.1660524 1.7630000 400.05 200.00 GMRT band3
57921.312442 2.644840 0.000041 2.61 18.9070695 4.8498766 1.8225000 400.05 200.00 GMRT band3
57991.147049 2.644303 0.000073 1.66 14.5319359 5.0145427 1.9750000 400.05 200.00 GMRT band3
58005.075926 2.644640 0.000057 2.83 17.5715403 5.7193577 2.1120000 400.05 200.00 GMRT band3
58046.903298 2.644682 0.000050 2.72 20.7283783 7.4398104 3.0015000 400.05 200.00 GMRT band3
58054.873264 2.644649 0.000052 1.65 18.4472231 6.1457444 3.3330000 400.05 200.00 GMRT band3
58068.850752 2.644654 0.000060 2.17 19.0488287 8.6887632 3.2260000 400.05 200.00 GMRT band3
58082.843461 2.644754 0.000095 0.88 17.8383926 8.3369490 9.0195000 400.05 200.00 GMRT band3
58096.848091 2.644644 0.000084 1.16 15.9873607 5.5118329 6.3465000 400.05 200.00 GMRT band3
58124.685764 2.644301 0.000061 0.74 14.1821631 6.4378220 5.6755000 400.05 200.00 GMRT band3
58138.682986 2.644461 0.000066 0.91 14.5281308 6.9116007 5.1075000 400.05 200.00 GMRT band3
58166.552257 2.644131 0.000069 0.79 12.1999982 6.9500393 5.7350000 400.05 200.00 GMRT band3
59515.917650 2.642776 0.000031 1.74 2.4426571 2.3850848 1.4180000 399.22 200.00 GMRT band3
59527.848148 2.642728 0.000025 4.33 3.0676036 3.0000671 1.0850000 399.22 200.00 GMRT band3
59538.891724 2.642395 0.000052 5.40 5.7232075 5.6765801 1.9940000 399.22 200.00 GMRT band3
59545.854224 2.642604 0.000006 7.72 0.1960644 0.1896799 0.0860000 399.22 200.00 GMRT band3
59565.676562 2.642664 0.000073 3.14 8.5074461 8.2232381 3.4310000 399.22 200.00 GMRT band3
59575.664178 2.642740 0.000035 7.87 2.8273023 3.1904349 0.7630000 399.22 200.00 GMRT band3
59587.644328 2.642538 0.000031 35.32 2.9165650 2.9730364 0.4340000 399.22 200.00 GMRT band3
59596.631076 2.642575 0.000037 3.03 4.9436436 5.0346000 2.0870000 399.22 200.00 GMRT band3
59604.597858 2.642646 0.000028 3.57 3.5514773 3.6326364 1.3795000 399.22 200.00 GMRT band3
59615.590451 2.642454 0.000020 4.60 2.1642248 1.7187297 0.7270000 399.22 200.00 GMRT band3
59627.563947 2.642484 0.000035 24.15 2.8809452 2.6179322 0.3090000 399.22 200.00 GMRT band3
59635.498437 2.642610 0.000043 11.66 4.9304649 5.1270352 1.8100000 399.22 200.00 GMRT band3
59646.502199 2.642431 0.000032 7.83 3.5344826 3.3389199 0.8410000 399.22 200.00 GMRT band3
59656.469850 2.642426 0.000064 24.17 3.5556566 2.8899244 0.5620000 399.22 200.00 GMRT band3
59665.410127 2.642356 0.000025 11.25 2.8118256 2.2959069 0.6220000 399.22 200.00 GMRT band3
59692.349942 2.642128 0.000034 8.43 5.1533770 2.8281353 0.7520000 399.22 200.00 GMRT band3
59701.336631 2.642178 0.000023 6.31 4.1261627 1.8910023 0.7180000 399.22 200.00 GMRT band3
59713.357639 2.642071 0.000028 5.73 5.0749777 2.5780915 0.9820000 399.22 200.00 GMRT band3
59719.258102 2.642022 0.000048 6.55 6.1553086 4.3392340 1.3200000 399.22 200.00 GMRT band3
59730.326389 2.641996 0.000024 7.05 5.4390134 2.4370978 0.6110000 399.22 200.00 GMRT band3
59741.231192 2.642006 0.000028 3.13 5.0055475 2.7314986 0.9910000 399.22 200.00 GMRT band3
59749.175636 2.641774 0.000030 3.61 6.2488852 1.2939237 0.5380000 399.22 200.00 GMRT band3
59761.232696 2.641863 0.000054 6.42 5.7037600 2.8675579 1.0225000 399.22 200.00 GMRT band3
59772.178240 2.641912 0.000034 5.16 6.1312943 3.2482076 1.0580000 399.22 200.00 GMRT band3
59782.214063 2.642014 0.000061 2.47 7.6704731 6.3821136 4.2180000 399.22 200.00 GMRT band3
59789.176851 2.641874 0.000020 7.46 5.6278209 1.9487113 0.5005000 399.22 200.00 GMRT band3
59800.136747 2.642431 0.000049 11.01 3.2180445 3.2457166 0.4540000 399.22 200.00 GMRT band3
59810.013830 2.641970 0.000037 1.99 6.5750577 5.3026835 2.3060000 399.22 200.00 GMRT band3
59818.971759 2.641907 0.000024 3.41 6.4423275 3.5483643 1.3715000 399.22 200.00 GMRT band3
59829.003299 2.641574 0.000037 3.66 10.4962105 4.5295259 1.2320000 399.22 200.00 GMRT band3
59838.928993 2.642126 0.000109 4.71 10.3926038 10.1627638 3.4290000 399.22 200.00 GMRT band3
59880.838252 2.642364 0.000033 2.99 3.4503474 8.4463077 1.5970000 399.22 200.00 GMRT band3
59889.815046 2.641867 0.000014 3.58 5.3951707 1.8069969 0.5645000 399.22 200.00 GMRT band3
59898.791666 2.641539 0.000045 3.04 8.8120101 5.3209110 2.6945000 399.22 200.00 GMRT band3
59908.853068 2.641778 0.000025 19.54 7.0978206 2.2692172 0.3810000 399.22 200.00 GMRT band3
59918.820659 2.642179 0.000029 2.23 5.1505181 5.1955866 1.7230000 399.22 200.00 GMRT band3
59928.767418 2.641708 0.000019 9.01 6.7844244 2.0267672 0.5590000 399.22 200.00 GMRT band3
59939.634201 2.642056 0.000045 1.46 4.5861157 5.4449168 2.0920000 399.22 200.00 GMRT band3
59952.622048 2.641799 0.000042 5.92 5.0371132 2.6316477 0.9220000 399.22 200.00 GMRT band3
59970.554456 2.641577 0.000026 4.17 7.9486160 2.0058366 1.0320000 399.22 200.00 GMRT band3
59982.553182 2.641407 0.000042 9.97 6.9021295 3.9545192 0.9200000 399.22 200.00 GMRT band3
59989.509202 2.641460 0.000014 8.72 8.8693094 1.6267590 0.3990000 399.22 200.00 GMRT band3
60002.597974 2.641388 0.000029 9.52 9.4614355 2.2913159 0.6910000 399.22 200.00 GMRT band3
60012.533970 2.641541 0.000062 25.03 6.4985097 3.8042678 0.4385000 399.22 200.00 GMRT band3
60021.444560 2.641320 0.000023 25.78 10.6474652 2.4956638 0.3380000 399.22 200.00 GMRT band3
60029.416146 2.641260 0.000024 14.63 10.3997159 2.5527050 0.5390000 399.22 200.00 GMRT band3
60055.458391 2.641257 0.000039 13.33 9.8149220 2.8952609 0.7390000 399.22 200.00 GMRT band3
60063.331886 2.641031 0.000036 13.03 10.8251963 3.1130748 0.5780000 399.22 200.00 GMRT band3
60073.345775 2.641227 0.000043 18.55 11.7469234 4.2639573 0.8815000 399.22 200.00 GMRT band3
60083.302951 2.641296 0.000043 19.34 10.5578783 5.5798434 0.9870000 399.22 200.00 GMRT band3
60092.258681 2.641243 0.000051 19.39 11.8016080 3.6152059 0.7710000 399.22 200.00 GMRT band3
60101.263252 2.641410 0.000037 11.51 9.5361069 4.9006083 1.3760000 399.22 200.00 GMRT band3
60115.218229 2.641147 0.000025 6.57 11.3264203 2.8233464 1.0410000 399.22 200.00 GMRT band3
60121.164873 2.641340 0.000034 18.81 6.9646507 2.3625421 0.2810000 399.22 200.00 GMRT band3
60132.198322 2.641241 0.000054 3.17 11.6793392 4.9972131 1.8250000 399.22 200.00 GMRT band3
60139.120196 2.640924 0.000026 9.73 11.8939814 3.4431857 0.5060000 399.22 200.00 GMRT band3
60149.144155 2.640988 0.000019 8.41 14.3619244 2.6601051 0.4255000 399.22 200.00 GMRT band3
60160.088137 2.640968 0.000019 16.26 13.1128255 2.3139209 0.3340000 399.22 200.00 GMRT band3
60178.038137 2.641052 0.000040 45.83 12.8848556 3.4310776 0.3830000 399.22 200.00 GMRT band3
60191.077893 2.641503 0.000115 5.86 7.9030266 8.0624601 1.3920000 399.22 200.00 GMRT band3
60196.013021 2.640987 0.000018 17.89 11.9800330 1.6055744 0.3170000 399.22 200.00 GMRT band3
60244.928877 2.640929 0.000039 54.45 14.2489257 3.2389404 0.3890000 399.22 200.00 GMRT band3
60254.896991 2.640812 0.000030 5.82 12.1698556 4.3889854 1.0550000 399.22 200.00 GMRT band3
60267.841435 2.640724 0.000035 43.40 14.1986898 4.0900028 0.3920000 399.22 200.00 GMRT band3
60274.888137 2.640861 0.000041 11.04 16.1402105 5.7650604 0.7880000 399.22 200.00 GMRT band3
60285.829687 2.641031 0.000061 21.01 9.1359393 4.3852458 0.6145000 399.22 200.00 GMRT band3
60296.776447 2.640788 0.000023 28.61 14.9377619 2.4573198 0.3305000 399.22 200.00 GMRT band3
60304.814930 2.640911 0.000058 2.22 14.8369498 5.8749566 2.9160000 399.22 200.00 GMRT band3
60316.738714 2.640954 0.000104 1.12 13.6400448 8.3324027 4.5170000 399.22 200.00 GMRT band3
60326.708912 2.640745 0.000034 30.66 13.7030362 2.8532124 0.5330000 399.22 200.00 GMRT band3
60348.650752 2.640817 0.000210 1.56 38.1084908 36.8742868 18.0670000 399.22 200.00 GMRT band3
60359.607349 2.640818 0.000047 19.69 10.9696438 7.5229235 1.0790000 399.22 200.00 GMRT band3
60367.587441 2.640866 0.000037 2.77 12.3383052 3.2341505 1.3720000 399.22 200.00 GMRT band3
60377.565219 2.641020 0.000055 14.90 14.4187699 4.2061131 0.8430000 399.22 200.00 GMRT band3
60386.512558 2.640661 0.000024 6.26 14.8233739 4.0797820 1.0200000 399.22 200.00 GMRT band3
60393.536053 2.640781 0.000049 36.70 12.1148390 3.6613317 0.3600000 399.22 200.00 GMRT band3
60398.513946 2.640857 0.000048 12.21 16.1880014 3.7865713 0.9140000 399.22 200.00 GMRT band3
