58243.423669 2.643767 0.000066 3.30 12.7123771 9.3637943 3.6115000 929.95 200.00 GMRT band3+5
58251.376447 2.643681 0.000036 1.93 8.5165204 4.5426073 2.9140000 929.95 200.00 GMRT band3+5
58284.301505 2.643556 0.000048 4.23 9.8295874 7.2090177 2.7260000 929.95 200.00 GMRT band3+5
58299.266262 2.643632 0.000068 4.85 12.8520859 10.4920405 3.4060000 929.95 200.00 GMRT band3+5
58315.224595 2.643434 0.000077 1.79 15.5858880 14.4960614 6.6025000 929.95 200.00 GMRT band3+5
58333.146239 2.643738 0.000039 2.24 8.1000277 5.5730104 3.1600000 929.95 200.00 GMRT band3+5
58347.102662 2.643596 0.000044 2.83 8.3786381 5.0148328 2.5340000 929.95 200.00 GMRT band3+5
58363.079283 2.643652 0.000028 1.31 7.3304209 3.4067240 2.6540000 929.95 200.00 GMRT band3+5
58378.038947 2.643373 0.000046 1.73 9.3436349 8.2807547 4.3250000 929.95 200.00 GMRT band3+5
58448.874421 2.642982 0.000063 2.70 11.3797984 10.8241868 4.7645000 929.95 200.00 GMRT band3+5
58462.828993 2.643318 0.000025 1.89 6.5041271 3.5383884 1.6500000 929.95 200.00 GMRT band3+5
58476.811342 2.643411 0.000048 3.03 7.7289694 5.5854686 2.8700000 929.95 200.00 GMRT band3+5
58504.696354 2.643120 0.000019 0.29 3.5882706 2.1072320 4.4725000 929.95 200.00 GMRT band3+5
58517.704688 2.643289 0.000050 4.33 9.1038262 8.0618775 2.3110000 929.95 200.00 GMRT band3+5
58560.529341 2.643281 0.000068 1.96 11.7248554 10.9964066 6.4295000 929.95 200.00 GMRT band3+5
57908.300521 2.644792 0.000021 3.60 25.8402115 6.8147111 1.5580000 880.05 400.00 GMRT band3+5
57921.312442 2.644780 0.000026 2.52 27.7479994 4.7708061 2.0380000 880.05 400.00 GMRT band3+5
57991.147049 2.644750 0.000018 2.28 21.2443533 4.8907866 1.6490000 880.05 400.00 GMRT band3+5
58005.075926 2.644573 0.000018 2.57 22.6088318 5.4515788 1.8230000 880.05 400.00 GMRT band3+5
58068.850752 2.644282 0.000020 2.79 21.3520587 8.3465474 2.8070000 880.00 400.00 GMRT band3+5
58124.685764 2.643835 0.000025 1.22 15.1939644 6.3233466 5.2080000 880.00 400.00 GMRT band3+5
58138.682986 2.643774 0.000029 1.78 16.0607182 6.7178204 4.6710000 880.00 400.00 GMRT band3+5
59515.917650 2.642622 0.000016 2.12 2.2873903 2.2321502 1.3185000 879.66 400.00 GMRT band3+5
59527.848148 2.642651 0.000014 4.08 2.8251289 2.8247598 1.1600000 879.66 400.00 GMRT band3+5
59538.891724 2.642553 0.000019 4.82 5.3553563 5.3781973 1.7505000 879.66 400.00 GMRT band3+5
59545.854224 2.642606 0.000005 6.01 0.4894320 0.5045770 0.1020000 879.66 400.00 GMRT band3+5
59565.676562 2.642512 0.000020 3.21 8.3299296 8.0053046 2.5670000 879.66 400.00 GMRT band3+5
59575.664178 2.642536 0.000024 10.22 3.1674631 3.0427587 0.8800000 879.66 400.00 GMRT band3+5
59587.644328 2.642532 0.000026 29.34 2.8472275 2.5751761 0.4780000 879.66 400.00 GMRT band3+5
59596.631076 2.642483 0.000019 2.99 4.8538760 4.7801316 1.7760000 879.66 400.00 GMRT band3+5
59604.597858 2.642483 0.000020 4.66 4.0578036 3.5133083 1.3790000 879.66 400.00 GMRT band3+5
59615.590451 2.642442 0.000012 3.84 2.7929162 1.7342004 0.9065000 879.66 400.00 GMRT band3+5
59627.563947 2.642435 0.000025 19.49 3.9621965 2.4577623 0.5730000 879.66 400.00 GMRT band3+5
59635.498437 2.642472 0.000029 11.07 5.0774421 4.8039750 1.3860000 879.66 400.00 GMRT band3+5
59646.502199 2.642397 0.000019 6.54 4.5156372 2.9816057 1.0130000 879.66 400.00 GMRT band3+5
59656.469850 2.642339 0.000048 20.30 6.4065872 3.3478976 0.7835000 879.66 400.00 GMRT band3+5
59665.410127 2.642263 0.000019 12.18 5.8921386 2.4830624 0.7130000 879.66 400.00 GMRT band3+5
59692.349942 2.642063 0.000021 7.78 7.7021657 2.6675831 0.8840000 879.66 400.00 GMRT band3+5
59713.357639 2.642082 0.000017 5.00 7.0107893 2.5292417 1.0670000 879.66 400.00 GMRT band3+5
59719.258102 2.642060 0.000026 5.72 8.3173467 4.0316520 1.2820000 879.66 400.00 GMRT band3+5
59730.326389 2.641998 0.000019 5.82 8.5195150 2.7669750 0.8620000 879.66 400.00 GMRT band3+5
59749.175636 2.641833 0.000024 3.66 10.3751300 2.9078497 0.5980000 879.66 400.00 GMRT band3+5
59761.232696 2.641883 0.000034 4.95 9.8139492 3.0737825 1.2230000 879.66 400.00 GMRT band3+5
59772.178240 2.641853 0.000018 4.50 9.8514581 2.9896902 1.0750000 879.66 400.00 GMRT band3+5
59782.214063 2.641982 0.000017 2.50 8.3503290 6.1632139 2.7470000 879.66 400.00 GMRT band3+5
59789.176851 2.641867 0.000015 5.98 10.8959567 1.8286771 0.6055000 879.66 400.00 GMRT band3+5
59800.136747 2.642066 0.000040 18.05 8.6486121 3.1316709 0.5520000 879.66 400.00 GMRT band3+5
59810.013830 2.641768 0.000016 2.62 9.0870340 5.0624561 1.9940000 879.66 400.00 GMRT band3+5
59818.971759 2.641730 0.000015 5.19 10.2712310 3.3887875 1.1360000 879.66 400.00 GMRT band3+5
59829.003299 2.641739 0.000023 4.08 13.0902230 4.0573636 1.4695000 879.66 400.00 GMRT band3+5
59838.928993 2.641620 0.000035 5.25 11.9649934 9.7823832 2.8535000 879.66 400.00 GMRT band3+5
59880.838252 2.641513 0.000050 25.32 12.3662650 7.8957427 1.3960000 879.66 400.00 GMRT band3+5
59898.791666 2.641615 0.000017 2.73 10.7483307 5.1215293 2.1880000 879.66 400.00 GMRT band3+5
59918.820659 2.641542 0.000030 12.56 12.5887310 5.2479685 1.5630000 879.66 400.00 GMRT band3+5
59939.634201 2.641519 0.000027 3.83 16.2184290 5.3901168 2.1220000 879.66 400.00 GMRT band3+5
59982.553182 2.641370 0.000017 8.44 14.2847477 3.6478088 1.0700000 879.66 400.00 GMRT band3+5
60002.597974 2.641372 0.000017 7.68 17.5158897 2.1735883 0.9300000 879.66 400.00 GMRT band3+5
60021.444560 2.641298 0.000021 22.69 21.7010077 4.0407161 0.3810000 879.66 400.00 GMRT band3+5
60055.458391 2.641233 0.000020 10.70 16.9259754 2.6756653 0.9365000 879.66 400.00 GMRT band3+5
60073.345775 2.641156 0.000032 16.00 20.6013008 4.0422354 1.1815000 879.66 400.00 GMRT band3+5
60092.258681 2.641145 0.000040 17.26 22.6605965 4.7360095 0.9455000 879.66 400.00 GMRT band3+5
60115.218229 2.641058 0.000019 7.05 20.9211946 2.7269227 1.1980000 879.66 400.00 GMRT band3+5
60132.198322 2.640994 0.000030 3.51 20.5630430 4.8473553 2.0300000 879.66 400.00 GMRT band3+5
60149.144155 2.640934 0.000015 8.82 24.5062980 2.6640817 0.5670000 879.66 400.00 GMRT band3+5
60191.077893 2.640831 0.000033 6.75 16.6447120 7.5316363 1.2595000 879.66 400.00 GMRT band3+5
60254.896991 2.640794 0.000016 4.97 20.7939237 3.9872256 1.1475000 879.66 400.00 GMRT band3+5
60274.888137 2.640828 0.000029 8.78 28.0692755 4.8785526 1.0115000 879.66 400.00 GMRT band3+5
60296.776447 2.640785 0.000019 23.12 27.3352919 2.4910652 0.4305000 879.66 400.00 GMRT band3+5
60316.738714 2.640705 0.000022 1.13 19.2411342 7.9820096 3.0730000 879.66 400.00 GMRT band3+5
60359.607349 2.640717 0.000027 16.80 22.3303114 6.8477642 1.1880000 879.66 400.00 GMRT band3+5
60377.565219 2.640740 0.000033 16.31 25.9879290 3.8755378 1.0110000 879.66 400.00 GMRT band3+5
60393.536053 2.640726 0.000034 29.42 25.6468336 3.1040147 0.4785000 879.66 400.00 GMRT band3+5
60398.513946 2.640699 0.000028 11.60 26.6274390 3.4570827 1.0720000 879.66 400.00 GMRT band3+5
