58243.449016 38.776321 0.000417 1.19 29.7390147 29.7411532 10.4280000 929.95 200.00 GMRT band3+5
58251.400753 38.776783 0.000730 0.95 11.7045074 13.4144880 8.9805000 929.95 200.00 GMRT band3+5
58284.324595 38.776461 0.000537 0.38 12.9730697 12.7303607 13.6910000 929.95 200.00 GMRT band3+5
58299.298669 38.776178 0.000632 1.43 12.7485265 13.1781636 9.3350000 929.95 200.00 GMRT band3+5
58347.125753 38.776630 0.00024168 1.10 19.0087568 11.9901603 12.8925000 929.95 200.00 GMRT band3+5
58363.101447 38.77676076 0.00021575 0.79 13.6470121 10.1375450 9.7630000 929.95 200.00 GMRT band3+5
58378.061111 38.776199 0.000275 0.35 6.0934794 6.8355636 6.9130000 929.95 200.00 GMRT band3+5
58462.854919 38.776264 0.000415 0.99 8.6381551 8.2547604 6.4710000 929.95 200.00 GMRT band3+5
58476.834607 38.776841 0.000670 1.08 13.6630627 15.4757275 10.1970000 929.95 200.00 GMRT band3+5
58504.717882 38.776054 0.000808 1.17 9.6392621 9.0542151 10.2040000 929.95 200.00 GMRT band3+5
58517.726505 38.77617190 0.00012362 1.03 20.8587946 18.8636745 7.2760000 929.95 200.00 GMRT band3+5
58560.551910 38.77625026 0.00015493 1.30 27.9828269 15.7683636 7.3455000 929.95 200.00 GMRT band3+5
57690.937442 38.776824 0.000419 1.46 66.3719608 65.5313881 39.8630000 880.05 400.00 GMRT band3+5
57704.893808 38.776646 0.000227 0.82 48.6465959 49.5781729 33.6885000 880.05 400.00 GMRT band3+5
57720.036169 38.774707 0.000570 1.77 44.0408764 42.2485971 30.9195000 880.05 400.00 GMRT band3+5
57732.896007 38.776746 0.000458 1.60 55.4242134 55.8363637 39.3340000 880.05 400.00 GMRT band3+5
57745.914699 38.776372 0.000347 0.73 46.8689846 46.8089773 40.8140000 880.05 400.00 GMRT band3+5
57773.843808 38.776135 0.000311 1.18 64.5528203 64.0587978 41.9830000 880.05 400.00 GMRT band3+5
57816.586516 38.776205 0.000240 0.72 43.4844272 42.7083472 32.2295000 880.05 400.00 GMRT band3+5
57829.617766 38.776057 0.000521 2.91 56.4412109 56.1253548 30.1030000 880.05 400.00 GMRT band3+5
57868.585474 38.776132 0.000348 1.11 55.0477077 55.8023489 37.2530000 880.05 400.00 GMRT band3+5
57894.561169 38.778275 0.000380 0.96 40.5756544 32.4188230 31.2560000 880.05 400.00 GMRT band3+5
57908.331539 38.776464 0.000301 0.61 35.2001496 35.2450520 29.9965000 880.05 400.00 GMRT band3+5
57935.323785 38.775133 0.000709 1.94 56.5014441 56.7003247 42.3530000 880.05 400.00 GMRT band3+5
57963.319097 38.776421 0.000310 0.89 50.8329627 50.8955474 37.4200000 880.05 400.00 GMRT band3+5
57978.311053 38.776474 0.000425 1.26 40.5279621 40.5643619 31.6820000 880.05 400.00 GMRT band3+5
57991.167940 38.775344 0.000689 1.52 57.9942272 55.1082307 34.8240000 880.05 400.00 GMRT band3+5
58054.896297 38.776545 0.000355 0.60 36.1267363 36.0049186 33.5985000 880.00 400.00 GMRT band3+5
58124.707755 38.776201 0.000372 0.57 35.1052200 34.9072821 40.3740000 880.00 400.00 GMRT band3+5
58138.711921 38.776136 0.000407 1.10 39.8369485 39.3938983 40.6955000 880.00 400.00 GMRT band3+5
58166.578067 38.776577 0.000530 3.06 62.1483565 62.4574928 39.0595000 880.05 400.00 GMRT band3+5
59343.439409 38.776148 0.000084 1.80 12.5249188 12.4203197 2.6325000 879.67 400.00 GMRT band3+5
59376.265741 38.776072 0.000085 1.73 3.8917497 3.8113881 1.6710000 879.67 400.00 GMRT band3+5
59385.312905 38.776261 0.000097 1.59 12.8047367 12.5609796 4.4360000 879.67 400.00 GMRT band3+5
59397.276215 38.776266 0.000083 1.64 17.2120356 17.2567037 4.0850000 879.67 400.00 GMRT band3+5
59406.237037 38.776358 0.000141 2.72 12.4042365 12.3852992 5.5460000 879.67 400.00 GMRT band3+5
59418.340220 38.776325 0.000093 2.99 5.9454506 5.7839596 2.0045000 879.67 400.00 GMRT band3+5
59427.148785 38.776303 0.000071 1.48 3.8656013 3.8110997 1.8820000 879.66 400.00 GMRT band3+5
59446.125752 38.776125 0.000272 2.77 19.8703426 18.2606891 1.8960000 879.66 400.00 GMRT band3+5
59456.156597 38.776269 0.000048 2.33 3.8255249 4.2485410 1.2020000 879.66 400.00 GMRT band3+5
59475.017188 38.776289 0.000039 1.89 2.6082582 2.3624232 1.1015000 879.66 400.00 GMRT band3+5
59483.939757 38.776358 0.000043 2.32 2.1769819 2.1712670 1.0870000 879.66 400.00 GMRT band3+5
59492.091319 38.775987 0.000102 1.69 5.1261913 5.3033675 2.4100000 879.66 400.00 GMRT band3+5
59515.951099 38.776420 0.000059 0.81 7.8539067 7.8860028 3.8450000 879.66 400.00 GMRT band3+5
59527.957002 38.776224 0.000049 1.38 3.2884553 3.1415621 1.5500000 879.66 400.00 GMRT band3+5
59539.008680 38.776438 0.000048 1.29 5.2767433 5.6858107 1.8185000 879.66 400.00 GMRT band3+5
59545.827836 38.776182 0.000220 1.76 37.5994782 37.1094570 13.0860000 879.66 400.00 GMRT band3+5
59565.700521 38.776281 0.000043 1.91 4.0157194 4.9395404 1.2210000 879.66 400.00 GMRT band3+5
59575.638600 38.776307 0.000108 6.02 7.1687254 7.1544170 2.2530000 879.66 400.00 GMRT band3+5
59587.616609 38.776384 0.000088 2.18 5.8380939 5.8267689 1.7440000 879.66 400.00 GMRT band3+5
59604.574016 38.776240 0.000044 1.74 3.6955613 2.5899511 1.3770000 879.66 400.00 GMRT band3+5
59615.567188 38.776363 0.000045 1.80 8.6763132 8.7118957 1.4570000 879.66 400.00 GMRT band3+5
59627.589525 38.776195 0.000056 2.28 3.5456577 2.6304042 1.3030000 879.66 400.00 GMRT band3+5
59635.551794 38.776251 0.000047 1.76 3.4069365 2.6622280 1.5510000 879.66 400.00 GMRT band3+5
59646.476562 38.776100 0.000043 2.38 8.7902217 8.8957084 1.2880000 879.66 400.00 GMRT band3+5
59665.472569 38.776149 0.000056 3.16 3.0913836 2.6332452 1.3120000 879.66 400.00 GMRT band3+5
59692.372280 38.776068 0.000042 2.51 6.0500212 4.0666012 1.3670000 879.66 400.00 GMRT band3+5
59713.336169 38.776140 0.000056 2.14 5.5966786 3.6644938 1.1405000 879.66 400.00 GMRT band3+5
59719.302778 38.776005 0.000086 9.19 364.0926257 369.9176982 1.2885000 879.66 400.00 GMRT band3+5
59730.387326 38.776071 0.000040 2.37 7.5084456 5.7371793 1.1955000 879.66 400.00 GMRT band3+5
59749.235822 38.776259 0.000044 2.32 3.3245550 2.8970322 1.2655000 879.66 400.00 GMRT band3+5
59761.186053 38.776385 0.000058 2.45 5.2865654 5.2757395 1.4870000 879.66 400.00 GMRT band3+5
59772.155150 38.776433 0.000044 3.00 3.4505433 3.5940485 1.1050000 879.66 400.00 GMRT band3+5
59782.312558 38.776433 0.000042 2.20 1.9472430 2.0144073 1.1870000 879.66 400.00 GMRT band3+5
59789.284954 38.776294 0.000037 1.96 2.3723034 1.9843661 1.0855000 879.66 400.00 GMRT band3+5
59800.199537 38.776197 0.000086 2.05 6.5776782 6.4776515 1.2950000 879.66 400.00 GMRT band3+5
59809.992998 38.776226 0.000039 3.44 3.4742729 2.3983966 1.0775000 879.66 400.00 GMRT band3+5
59819.062014 38.776186 0.000037 3.00 4.7342729 2.9041198 0.7760000 879.66 400.00 GMRT band3+5
59829.025637 38.776107 0.000073 2.81 9.7211483 8.6187103 0.9250000 879.66 400.00 GMRT band3+5
59838.972743 38.776153 0.000038 1.10 3.5639512 2.3898628 1.9410000 879.66 400.00 GMRT band3+5
59880.889699 38.776068 0.000032 2.01 4.8863493 1.5416688 0.9580000 879.66 400.00 GMRT band3+5
59898.815220 38.776090 0.000031 2.91 5.5126845 2.7818607 0.8925000 879.66 400.00 GMRT band3+5
59918.953877 38.776130 0.000029 1.86 3.3544333 1.3870359 0.9030000 879.66 400.00 GMRT band3+5
59939.660359 38.776142 0.000034 3.22 4.6289710 3.4690191 0.9410000 879.66 400.00 GMRT band3+5
59959.655613 38.776050 0.000026 1.85 3.7380653 2.3343571 0.8140000 879.66 400.00 GMRT band3+5
59982.526447 38.776067 0.000028 1.96 14.1219492 10.5706797 0.9590000 879.66 400.00 GMRT band3+5
60002.576331 38.776006 0.000037 3.05 4.2356278 2.2148332 0.8700000 879.66 400.00 GMRT band3+5
60021.493692 38.775980 0.000065 2.09 8.3171604 5.3252178 1.0135000 879.66 400.00 GMRT band3+5
60055.435590 38.776146 0.000036 2.14 4.7123530 2.2779726 0.9090000 879.66 400.00 GMRT band3+5
60073.368460 38.776109 0.000035 2.18 6.5798062 8.2407826 0.9950000 879.66 400.00 GMRT band3+5
60092.283507 38.776177 0.000030 2.80 4.0918895 2.2403562 0.8030000 879.66 400.00 GMRT band3+5
60115.268576 38.776259 0.000029 2.17 2.2959207 2.1860289 0.7460000 879.66 400.00 GMRT band3+5
60132.176910 38.776281 0.000046 4.08 5.3446494 5.0975574 0.7540000 879.66 400.00 GMRT band3+5
60149.167303 38.776178 0.000026 2.16 5.1248985 2.9540345 0.6765000 879.66 400.00 GMRT band3+5
60191.180324 38.776177 0.000032 1.78 4.0693126 3.8444002 1.1500000 879.66 400.00 GMRT band3+5
60213.877720 38.776202 0.000045 4.24 5.8587322 5.5451392 1.1005000 879.66 400.00 GMRT band3+5
60254.874826 38.776050 0.000022 2.43 4.2675677 1.1044736 0.4925000 879.66 400.00 GMRT band3+5
60274.814988 38.776058 0.000064 0.95 21.7528235 23.9141875 1.1545000 879.66 400.00 GMRT band3+5
60296.754340 38.776040 0.000024 2.17 6.1480652 2.4120214 0.7640000 879.66 400.00 GMRT band3+5
60316.687963 38.776034 0.000029 2.13 4.8068802 1.6938762 0.7940000 879.66 400.00 GMRT band3+5
60359.585127 38.776103 0.000028 1.12 4.1660594 2.1958095 1.1380000 879.66 400.00 GMRT band3+5
60377.542824 38.776088 0.000029 1.34 5.7333642 2.6402695 1.1415000 879.66 400.00 GMRT band3+5
60393.587558 38.776148 0.000026 1.39 11.4843425 8.3278225 1.0300000 879.66 400.00 GMRT band3+5
60398.491377 38.776069 0.000029 2.04 5.9818624 2.3855699 1.0100000 879.66 400.00 GMRT band3+5

