58243.449016 38.778705 0.001623 1.16 30.4198278 30.4855552 10.4280000 449.95 100.00 GMRT band3
58251.400753 38.777493 0.000922 0.96 11.0719716 11.2453562 8.9230000 449.95 100.00 GMRT band3
58266.323669 38.776544 0.000722 0.68 8.7308626 8.8675898 6.4750000 449.95 100.00 GMRT band3
58284.324595 38.777577 0.000971 0.36 9.2181376 9.1383060 13.6870000 449.95 100.00 GMRT band3
58299.298669 38.776429 0.001009 1.52 12.3366758 12.4804672 9.1100000 449.95 100.00 GMRT band3
58347.125753 38.775042 0.001474 1.18 11.0704476 12.1310013 12.8925000 449.95 100.00 GMRT band3
58363.101447 38.775255 0.001111 0.84 11.4008348 10.1747764 9.5550000 449.95 100.00 GMRT band3
58378.061111 38.776444 0.000545 0.37 4.2098723 4.1445491 6.6705000 449.95 100.00 GMRT band3
58448.898380 38.776630 0.001095 0.65 20.4323183 20.4009822 27.3100000 449.95 100.00 GMRT band3
58462.854919 38.776752 0.000624 1.03 7.5684719 7.6866914 6.2730000 449.95 100.00 GMRT band3
58476.834607 38.778388 0.000881 0.93 12.1170817 11.6382937 10.0740000 449.95 100.00 GMRT band3
58504.717882 38.776210 0.001565 1.30 10.1706346 9.9843326 10.0990000 449.95 100.00 GMRT band3
58517.726505 38.776647 0.000607 1.07 8.9389657 9.0725212 6.5100000 449.95 100.00 GMRT band3
58560.551910 38.776248 0.000787 1.00 7.3696109 9.5040697 7.2445000 449.95 100.00 GMRT band3
57690.937442 38.779691 0.001010 1.06 66.5263238 65.7164598 42.6980000 400.05 200.00 GMRT band3
57704.893808 38.775212 0.000741 0.79 48.8058848 49.7266877 35.3650000 400.05 200.00 GMRT band3
57720.036169 38.772905 0.000810 1.54 44.4029885 42.5319407 31.2305000 400.05 200.00 GMRT band3
57732.896007 38.775968 0.001226 1.63 55.7126816 56.1203393 39.8910000 400.05 200.00 GMRT band3
57745.914699 38.773774 0.000873 0.61 47.1251675 47.0654220 42.2610000 400.05 200.00 GMRT band3
57759.892708 38.775783 0.001198 1.79 50.5320595 49.3744320 29.6000000 400.05 200.00 GMRT band3
57773.843808 38.778375 0.001289 1.15 64.6968896 64.2131459 44.1020000 400.05 200.00 GMRT band3
57816.586516 38.775137 0.000792 0.71 43.6691615 42.9079805 33.7575000 400.05 200.00 GMRT band3
57829.617766 38.775862 0.001357 3.05 56.7275262 56.4015252 33.1640000 400.05 200.00 GMRT band3
57868.585474 38.776328 0.000743 1.16 55.3335989 56.0944102 37.5380000 400.05 200.00 GMRT band3
57894.561169 38.779414 0.000787 0.86 38.6861985 31.9756933 33.3950000 400.05 200.00 GMRT band3
57908.331539 38.775503 0.000806 0.61 35.4414710 35.4838831 30.4100000 400.05 200.00 GMRT band3
57921.336169 38.775255 0.001388 2.20 74.7423944 75.3170467 43.1360000 400.05 200.00 GMRT band3
57935.323785 38.772523 0.001390 1.78 56.7401898 57.1450632 43.6680000 400.05 200.00 GMRT band3
57963.319097 38.775575 0.000891 0.86 50.9974500 51.0585561 38.1060000 400.05 200.00 GMRT band3
57978.311053 38.774554 0.000901 1.12 40.7859438 40.8214795 32.4250000 400.05 200.00 GMRT band3
57991.167940 38.773821 0.001092 1.41 58.2777126 55.6367064 35.2710000 400.05 200.00 GMRT band3
58005.097627 38.776447 0.002139 4.79 117.5338457 117.4571695 56.7270000 400.05 200.00 GMRT band3
58046.927026 38.776269 0.000838 0.75 50.4589143 50.6484355 35.7070000 400.05 200.00 GMRT band3
58054.896297 38.776492 0.000679 0.61 36.3916763 36.2667648 34.9075000 400.05 200.00 GMRT band3
58082.875695 38.777917 0.002132 4.30 127.7847945 125.8429943 46.5955000 400.05 200.00 GMRT band3
58096.870197 38.774830 0.000762 0.82 36.3885130 38.9866402 34.7860000 400.05 200.00 GMRT band3
58110.755613 38.777582 0.000669 0.99 53.1319749 189.3171501 37.5385000 400.05 200.00 GMRT band3
58124.707755 38.775820 0.000651 0.58 35.3851003 35.2201927 40.4860000 400.05 200.00 GMRT band3
58138.711921 38.775104 0.000963 1.12 40.8757731 40.3499278 40.6955000 400.05 200.00 GMRT band3
58166.578067 38.773963 0.001265 2.86 62.3976925 62.7107538 40.1315000 400.05 200.00 GMRT band3
59343.439409 38.776179 0.000089 1.82 12.7268595 13.0282446 2.5915000 399.23 200.00 GMRT band3
59376.265741 38.776032 0.000096 1.77 3.7468665 3.7960045 1.6330000 399.23 200.00 GMRT band3
59385.312905 38.776334 0.000107 1.54 12.6980672 12.5865321 4.4360000 399.23 200.00 GMRT band3
59397.276215 38.776229 0.000097 1.69 17.4192107 17.4076292 4.0850000 399.23 200.00 GMRT band3
59406.237037 38.776407 0.000153 2.79 12.6911639 12.6749803 4.8125000 399.23 200.00 GMRT band3
59418.340220 38.776336 0.000104 3.11 5.8985911 5.8375963 1.9725000 399.23 200.00 GMRT band3
59427.148785 38.776287 0.000077 1.54 4.0355359 3.8276668 1.7730000 399.22 200.00 GMRT band3
59435.210243 38.776363 0.000036 2.28 1.5398458 1.5731636 0.9225000 399.22 200.00 GMRT band3
59446.125752 38.776159 0.000293 2.94 20.4108130 19.5129087 1.8770000 399.22 200.00 GMRT band3
59456.156597 38.776258 0.000049 2.37 3.8082646 3.6655457 1.1855000 399.22 200.00 GMRT band3
59475.017188 38.776288 0.000041 1.96 2.3734509 2.3765608 1.0870000 399.22 200.00 GMRT band3
59483.939757 38.776365 0.000045 2.39 2.2336618 2.2513965 1.0810000 399.22 200.00 GMRT band3
59492.091319 38.775931 0.000119 1.74 5.1608045 5.2017964 2.2325000 399.22 200.00 GMRT band3
59515.951099 38.776379 0.000073 0.82 7.9452201 7.9900951 3.8450000 399.22 200.00 GMRT band3
59527.957002 38.776212 0.000051 1.40 3.2504183 3.0300865 1.5320000 399.22 200.00 GMRT band3
59539.008680 38.776454 0.000048 1.21 2.4548380 2.6478752 1.7975000 399.22 200.00 GMRT band3
59545.827836 38.776047 0.000323 1.79 37.9147118 37.4697109 13.3580000 399.22 200.00 GMRT band3
59555.981771 38.777059 0.000572 1.46 65.7782792 64.3025077 26.7950000 399.22 200.00 GMRT band3
59565.700521 38.776278 0.000043 1.95 2.3187466 2.4183425 1.2100000 399.22 200.00 GMRT band3
59575.638600 38.776309 0.000127 6.28 7.3024277 7.3536386 2.2530000 399.22 200.00 GMRT band3
59587.616609 38.776393 0.000092 2.23 4.7251959 4.7273372 1.7070000 399.22 200.00 GMRT band3
59596.605093 38.776498 0.000137 2.75 6.4983650 6.5673096 3.0855000 399.22 200.00 GMRT band3
59604.574016 38.776246 0.000045 1.78 2.6535748 2.1400522 1.3640000 399.22 200.00 GMRT band3
59615.567188 38.776365 0.000045 1.80 2.7396103 2.6965193 1.4440000 399.22 200.00 GMRT band3
59627.589525 38.776215 0.000060 2.32 2.7587496 2.6192755 1.2910000 399.22 200.00 GMRT band3
59635.551794 38.776281 0.000051 1.75 2.5666672 2.3726213 1.5110000 399.22 200.00 GMRT band3
59646.476562 38.776098 0.000044 2.41 3.7778471 2.7025065 1.2630000 399.22 200.00 GMRT band3
59656.443345 38.776112 0.000062 3.12 4.4349077 3.3520478 1.4930000 399.22 200.00 GMRT band3
59665.472569 38.776144 0.000058 3.28 2.9161222 2.6086890 1.2300000 399.22 200.00 GMRT band3
59692.372280 38.776064 0.000042 2.54 3.7126195 2.4372548 1.3480000 399.22 200.00 GMRT band3
59701.359954 38.776024 0.000049 2.05 4.7584659 3.2729763 1.4450000 399.22 200.00 GMRT band3
59713.336169 38.776139 0.000058 2.20 4.0322736 2.9119517 1.0550000 399.22 200.00 GMRT band3
59719.302778 38.776004 0.000088 9.48 13.0248711 13.0064525 1.2565000 399.22 200.00 GMRT band3
59730.387326 38.776069 0.000040 2.40 3.6161888 2.3007143 1.1115000 399.22 200.00 GMRT band3
59741.246470 38.776263 0.000032 3.79 2.5680291 2.1222929 0.8480000 399.22 200.00 GMRT band3
59749.235822 38.776253 0.000046 2.38 3.1787879 2.8735643 1.2290000 399.22 200.00 GMRT band3
59761.186053 38.776395 0.000063 2.50 5.0637966 5.0573811 1.3390000 399.22 200.00 GMRT band3
59772.155150 38.776439 0.000046 3.08 3.1713028 3.1346630 1.0780000 399.22 200.00 GMRT band3
59782.312558 38.776436 0.000044 2.28 1.9743426 1.9101042 1.1680000 399.22 200.00 GMRT band3
59789.284954 38.776296 0.000039 2.05 2.2232298 2.1086311 1.0330000 399.22 200.00 GMRT band3
59800.199537 38.776181 0.000102 2.09 6.4487201 6.6132553 1.2250000 399.22 200.00 GMRT band3
59809.992998 38.776232 0.000040 3.53 2.7012034 2.2535723 1.0410000 399.22 200.00 GMRT band3
59819.062014 38.776190 0.000038 3.09 2.2675665 1.8438639 0.7700000 399.22 200.00 GMRT band3
59829.025637 38.776094 0.000078 2.94 10.3030363 9.4687704 0.9130000 399.22 200.00 GMRT band3
59838.972743 38.776142 0.000041 1.12 3.3876825 2.4203800 1.8815000 399.22 200.00 GMRT band3
59880.889699 38.776069 0.000033 2.09 3.5530876 1.6159598 0.9510000 399.22 200.00 GMRT band3
59889.853704 38.776088 0.000024 4.50 2.9841583 1.5140583 0.5150000 399.22 200.00 GMRT band3
59898.815220 38.776091 0.000032 3.01 3.3060176 2.3235167 0.8735000 399.22 200.00 GMRT band3
59908.790335 38.776157 0.000026 5.00 2.3553109 1.3239444 0.4845000 399.22 200.00 GMRT band3
59918.953877 38.776129 0.000030 1.93 2.6931399 1.4596241 0.8895000 399.22 200.00 GMRT band3
59928.899016 38.775775 0.000275 1.48 33.8540343 32.3256385 17.2970000 399.22 200.00 GMRT band3
59939.660359 38.776142 0.000035 3.33 4.1761102 3.4545904 0.9130000 399.22 200.00 GMRT band3
59952.657234 38.776051 0.000031 4.82 3.2721327 1.4097210 0.6050000 399.22 200.00 GMRT band3
59959.655613 38.776047 0.000026 1.87 3.2298569 1.5283326 0.7720000 399.22 200.00 GMRT band3
59970.534086 38.776161 0.000048 4.42 3.8403753 3.1968485 0.9740000 399.22 200.00 GMRT band3
59982.526447 38.776068 0.000028 1.99 3.3241887 1.4628143 0.8690000 399.22 200.00 GMRT band3
59989.528067 38.776017 0.000023 3.25 3.6210695 1.8158164 0.6100000 399.22 200.00 GMRT band3
60002.576331 38.776004 0.000038 3.16 3.7986446 1.8409999 0.8570000 399.22 200.00 GMRT band3
60012.598553 38.776083 0.000171 1.68 4.3175456 3.6823133 1.7615000 399.22 200.00 GMRT band3
60021.493692 38.775987 0.000068 2.16 3.5698505 3.6692567 0.9565000 399.22 200.00 GMRT band3
60029.461401 38.775982 0.000032 4.62 4.2341012 1.8908125 0.6040000 399.22 200.00 GMRT band3
60055.435590 38.776147 0.000037 2.23 3.3244648 2.0404997 0.8860000 399.22 200.00 GMRT band3
60063.350868 38.776143 0.000021 1.81 2.4011940 1.3247029 0.7055000 399.22 200.00 GMRT band3
60073.368460 38.776107 0.000035 2.19 2.9497954 1.6990699 0.9830000 399.22 200.00 GMRT band3
60083.318634 38.776183 0.000031 1.93 2.1170431 1.5370943 0.7670000 399.22 200.00 GMRT band3
60092.283507 38.776175 0.000031 2.90 2.9157433 1.9948906 0.7980000 399.22 200.00 GMRT band3
60101.247511 38.776270 0.000031 4.32 2.4039811 2.1642499 0.7070000 399.22 200.00 GMRT band3
60115.268576 38.776260 0.000029 2.25 1.8644784 1.7767748 0.7440000 399.22 200.00 GMRT band3
60121.180208 38.776303 0.000053 2.14 2.8448763 2.6470447 1.5510000 399.22 200.00 GMRT band3
60132.176910 38.776282 0.000047 4.23 5.3381302 5.4302926 0.7515000 399.22 200.00 GMRT band3
60139.155903 38.776282 0.000030 6.29 2.1191321 2.0312080 0.4885000 399.22 200.00 GMRT band3
60149.167303 38.776182 0.000027 2.19 2.0845342 1.6738459 0.6725000 399.22 200.00 GMRT band3
60160.104977 38.776236 0.000027 8.48 1.9738586 1.5551209 0.3520000 399.22 200.00 GMRT band3
60178.054919 38.776138 0.000022 5.15 2.3738356 1.2400499 0.4120000 399.22 200.00 GMRT band3
60191.180324 38.776176 0.000032 1.82 3.1323655 2.3231914 1.1460000 399.22 200.00 GMRT band3
60195.996701 38.776180 0.000027 6.06 1.9920740 1.1552941 0.4335000 399.22 200.00 GMRT band3
60213.877720 38.776203 0.000046 4.39 5.8663708 5.9020202 1.0780000 399.22 200.00 GMRT band3
60244.948264 38.776042 0.000034 2.81 4.5230869 3.3019643 1.2405000 399.22 200.00 GMRT band3
60254.874826 38.776049 0.000023 2.54 3.0644546 1.0287148 0.4895000 399.22 200.00 GMRT band3
60267.991435 38.776044 0.000024 5.69 3.0224888 1.2951134 0.3640000 399.22 200.00 GMRT band3
60274.814988 38.776059 0.000061 0.85 2.4255683 1.1673655 1.1310000 399.22 200.00 GMRT band3
60285.809896 38.776000 0.000030 4.86 3.6777243 1.3411552 0.4570000 399.22 200.00 GMRT band3
60296.754340 38.776043 0.000025 2.22 3.6212989 1.6887710 0.7000000 399.22 200.00 GMRT band3
60304.891319 38.775926 0.000063 1.44 5.2247175 3.8391402 2.1810000 399.22 200.00 GMRT band3
60316.687963 38.776036 0.000030 2.22 3.2358593 1.8091839 0.7450000 399.22 200.00 GMRT band3
60326.767708 38.776028 0.000023 3.69 3.2899432 1.3948277 0.4410000 399.22 200.00 GMRT band3
60348.808450 38.77593472 0.00013412 10.23 56.2560969 65.6575654 16.7730000 399.22 200.00 GMRT band3
60359.585127 38.776104 0.000029 1.17 2.5696276 2.3286123 1.0110000 399.22 200.00 GMRT band3
60367.566377 38.776053 0.000025 2.75 3.0487979 1.4669252 0.4910000 399.22 200.00 GMRT band3
60377.542824 38.776087 0.000031 1.38 3.0412599 1.4900043 1.1275000 399.22 200.00 GMRT band3
60386.638946 38.775978 0.000092 2.76 8.3555282 7.6729174 2.1590000 399.22 200.00 GMRT band3
60393.587558 38.776150 0.000026 1.39 2.6113441 1.3017429 1.0260000 399.22 200.00 GMRT band3
60398.491377 38.776071 0.000030 2.11 3.4982744 1.9825599 0.9710000 399.22 200.00 GMRT band3
