58378.089815 18.245186 0.000880 0.27 14.4049882 13.3806911 21.9905000 929.95 200.00 GMRT band3+5
58462.976563 18.244924 0.000379 0.28 6.8677949 6.7261345 15.7580000 929.95 200.00 GMRT band3+5
58504.812847 18.245533 0.000398 0.18 14.4379140 13.1793473 26.3375000 929.95 200.00 GMRT band3+5
57704.872570 18.245092 0.000304 0.70 16.0278046 16.4895663 13.6600000 880.05 400.00 GMRT band3+5
57732.872917 18.244491 0.000439 1.26 48.2181090 45.9701774 20.5370000 880.05 400.00 GMRT band3+5
57816.561574 18.245981 0.000326 0.49 26.2143754 22.4323384 25.7185000 880.05 400.00 GMRT band3+5
57894.579109 18.244999 0.000129 0.39 7.9585698 7.9530461 11.4190000 880.05 400.00 GMRT band3+5
57978.330267 18.244522 0.001305 3.49 2944.1839808 2944.3570330 48.3420000 880.05 400.00 GMRT band3+5
58068.895602 18.245184 0.000350 0.37 15.8599811 14.8179010 28.2745000 880.00 400.00 GMRT band3+5
58110.778588 18.244840 0.000189 244.98 917.5453828 401.3232936 23.5775000 880.00 400.00 GMRT band3+5
58152.705672 18.245054 0.000399 0.49 24.3742841 24.3429314 18.0330000 880.00 400.00 GMRT band3+5
