58251.432581 18.244750 0.001576 0.21 9.9875205 10.2126190 21.2325000 449.95 100.00 GMRT band3
58266.372281 18.244962 0.000364 0.75 16.7780123 16.2939706 17.5620000 449.95 100.00 GMRT band3
58284.354341 18.245856 0.000778 0.07 6.2513077 5.2856348 22.0840000 449.95 100.00 GMRT band3
58299.334954 18.244982 0.000296 0.02 3.9306431 1.6519863 13.7130000 449.95 100.00 GMRT band3
58315.285648 18.245896 0.000286 0.02 2.8410806 1.4865100 11.4855000 449.95 100.00 GMRT band3
58333.198785 18.245592 0.001987 0.75 10.5463018 10.9123220 16.9675000 449.95 100.00 GMRT band3
58347.241667 18.244830 0.000591 0.08 7.7180012 5.6321338 19.3810000 449.95 100.00 GMRT band3
58363.130151 18.245029 0.000491 0.11 14.5414940 9.0119435 16.1590000 449.95 100.00 GMRT band3
58378.089815 18.243118 0.001908 0.28 9.9411518 10.0192030 17.1870000 449.95 100.00 GMRT band3
58462.976563 18.245479 0.001185 0.37 7.7898535 7.8607952 14.7130000 449.95 100.00 GMRT band3
58476.927258 18.248472 0.000829 0.01 15.3939972 11.1779158 30.6210000 449.95 100.00 GMRT band3
58504.812847 18.244451 0.002040 0.25 14.3956819 14.9451280 28.5210000 449.95 100.00 GMRT band3
58560.645428 18.245746 0.001185 0.34 6.7755856 6.9232111 13.7500000 449.95 100.00 GMRT band3
57690.912326 18.245006 0.000853 0.46 36.9619306 36.9924540 50.2140000 400.05 200.00 GMRT band3
57704.872570 18.245091 0.000454 0.98 12.1243612 12.1586016 11.0560000 400.05 200.00 GMRT band3
57720.014178 18.245795 0.000836 0.46 26.9151073 26.6724994 31.3380000 400.05 200.00 GMRT band3
57732.872917 18.243883 0.000907 1.65 24.1112118 22.6668388 14.9860000 400.05 200.00 GMRT band3
57745.892072 18.244348 0.000933 0.85 27.3727820 27.1431435 34.7940000 400.05 200.00 GMRT band3
57759.874132 18.244870 0.000401 0.98 13.0695806 12.7049473 11.5400000 400.05 200.00 GMRT band3
57773.822512 18.244677 0.000417 1.28 12.7841556 11.8776629 9.9840000 400.05 200.00 GMRT band3
57816.561574 18.244955 0.000291 0.31 19.1247687 24.3062739 24.5480000 400.05 200.00 GMRT band3
57829.570544 18.245114 0.000657 1.02 14.4623538 14.7517409 11.8690000 400.05 200.00 GMRT band3
57868.564295 18.248112 0.0002043 0.52 7.4971766 10.2961736 18.4175000 400.05 200.00 GMRT band3
57885.634433 18.243987 0.000444 0.61 12.1157430 11.2200373 12.8330000 400.05 200.00 GMRT band3
57894.579109 18.244924 0.000280 0.54 8.6982661 8.6946053 10.9735000 400.05 200.00 GMRT band3
57908.352952 18.245144 0.001051 1.12 36.2698446 36.6749561 25.8290000 400.05 200.00 GMRT band3
57921.356655 18.245395 0.000688 0.55 18.0199543 16.8068246 27.5830000 400.05 200.00 GMRT band3
57935.343576 18.244211 0.000710 0.36 18.1679927 18.7874771 34.5810000 400.05 200.00 GMRT band3
57949.293229 18.245236 0.000504 1.02 30.5205481 35.2481215 37.6160000 400.05 200.00 GMRT band3
57963.337906 18.246254 0.001616 1.33 46.3081940 50.4718423 45.8285000 400.05 200.00 GMRT band3
57978.330267 18.245004 0.000815 1.10 35.5682164 34.7018249 31.8680000 400.05 200.00 GMRT band3
57991.188368 18.243353 0.000998 0.61 50.9149728 49.1690492 38.6035000 400.05 200.00 GMRT band3
58005.118808 18.243808 0.000504 0.25 23.8776166 20.2549170 28.2590000 400.05 200.00 GMRT band3
58046.948322 18.243469 0.000672 0.50 26.6475065 25.8025545 31.7230000 400.05 200.00 GMRT band3
58054.918403 18.244695 0.000247 0.44 34.6559499 21.8324715 25.4280000 400.05 200.00 GMRT band3
58068.895602 18.246886 0.000321 0.06 14.8928854 13.5090315 30.2140000 400.05 200.00 GMRT band3
58082.899653 18.243751 0.000423 0.14 11.5899100 9.8261488 20.3040000 400.05 200.00 GMRT band3
58096.891840 18.244997 0.000435 1.11 61.6567719 48.9247910 42.3230000 400.05 200.00 GMRT band3
58110.778588 18.243697 0.000958 1.14 31.5106123 349.1996194 19.4650000 400.05 200.00 GMRT band3
58124.729862 18.246166 0.001577 1.24 39.9036794 39.6691335 38.4520000 400.05 200.00 GMRT band3
58152.705672 18.244957 0.000582 0.69 12.9316841 12.8507655 15.7940000 400.05 200.00 GMRT band3
58166.599885 18.243427 0.001304 0.76 35.3643093 30.7830552 35.3450000 400.05 200.00 GMRT band3
