59692.397917 14.962505 0.000170 1.47 2.8079838 2.7268485 2.9920000 399.22 200.00 GMRT band3
59701.386979 14.962342 0.000151 1.31 3.4938183 3.3966382 2.2680000 399.22 200.00 GMRT band3
59713.379456 14.962505 0.000190 1.54 2.7088822 3.0038685 2.8450000 399.22 200.00 GMRT band3
59719.278067 14.961970 0.000070 0.22 3.1810787 1.7786645 4.5900000 399.22 200.00 GMRT band3
59730.347511 14.962548 0.000128 0.46 1.9146767 1.4069644 2.1420000 399.22 200.00 GMRT band3
59741.321875 14.962131 0.000340 5.03 10.5805580 11.0995511 4.1740000 399.22 200.00 GMRT band3
59749.266956 14.962455 0.000199 3.85 4.8576258 4.8570809 2.4165000 399.22 200.00 GMRT band3
59761.211805 14.962703 0.000090 0.38 2.8345499 2.6268658 2.6100000 399.22 200.00 GMRT band3
59782.192072 14.962536 0.000197 0.66 5.7182271 4.8104905 4.5435000 399.22 200.00 GMRT band3
59789.310127 14.962464 0.000146 1.43 4.7093700 3.8798181 2.1410000 399.22 200.00 GMRT band3
59800.164757 14.962310 0.000040 0.36 0.9430449 0.9430586 1.4000000 399.22 200.00 GMRT band3
59810.033275 14.962332 0.000253 3.14 6.4979146 6.4318181 3.6355000 399.22 200.00 GMRT band3
59818.993923 14.962031 0.000131 0.37 5.6242448 6.9344156 5.4030000 399.22 200.00 GMRT band3
59829.051909 14.962209 0.000270 0.59 16.2764618 16.7121878 13.3910000 399.22 200.00 GMRT band3
59838.947974 14.962421122 0.00013256321634919473 0.35 6.0196019 3.1595543 6.2080000 399.22 200.00 GMRT band3
59880.917650 14.962588 0.000148 0.64 7.0843301 6.9707622 5.7760000 399.22 200.00 GMRT band3
59889.874826 14.962327 0.000122 3.71 1.9555211 1.9305294 1.1925000 399.22 200.00 GMRT band3
59898.875289 14.962374 0.000039 0.31 1.1746155 1.0516657 1.1190000 399.22 200.00 GMRT band3
59908.811863 14.962447 0.000106 2.65 1.4732070 1.7695371 1.3620000 399.22 200.00 GMRT band3
59918.843981 14.962552 0.000110 1.07 2.5293488 2.2207656 2.3940000 399.22 200.00 GMRT band3
59928.922743 14.962311 0.000120 2.03 3.7699032 3.7683041 1.8420000 399.22 200.00 GMRT band3
59939.735011 14.962511 0.000131 2.61 2.8319407 2.8071211 1.3500000 399.22 200.00 GMRT band3
59952.677025 14.962344212 0.00004973984703469831 4.49 4.8364020 5.1396299 2.1710000 399.22 200.00 GMRT band3
59959.688252 14.962224 0.000068 0.82 1.7807961 2.3373879 1.3130000 399.22 200.00 GMRT band3
59970.602720 14.962457 0.000078 1.39 2.4205501 2.0597881 1.6010000 399.22 200.00 GMRT band3
59982.607812 14.961102 0.000209 2.03 13.7685895 14.8235534 2.6425000 399.22 200.00 GMRT band3
59989.574248 14.962469 0.000226 2.57 6.0243099 7.0443052 2.2100000 399.22 200.00 GMRT band3
60002.549248 14.962407 0.000179 3.25 4.8005606 4.7628379 2.5380000 399.22 200.00 GMRT band3
60012.576968 14.962347 0.000137 3.12 4.6130868 4.4619617 1.4820000 399.22 200.00 GMRT band3
60021.518923 14.962457735 0.00007876775174937906 1.93 4.4501569 3.9658361 4.1035000 399.22 200.00 GMRT band3
60029.481655 14.962552 0.000112 1.83 3.7027717 3.1113018 2.3570000 399.22 200.00 GMRT band3
60055.401794 14.962311 0.000084 0.36 2.6788867 2.5710679 2.9905000 399.22 200.00 GMRT band3
60063.389757 14.962306 0.000157 4.95 4.2196944 4.1978129 1.7410000 399.22 200.00 GMRT band3
60073.445544 14.963246 0.000241 0.57 15.0536184 10.2741587 5.2160000 399.22 200.00 GMRT band3
60083.357350 14.962480 0.000092 0.26 5.2388141 4.2793630 6.1270000 399.22 200.00 GMRT band3
60092.335590 14.962426 0.000206 3.58 3.8279363 3.9639389 2.5770000 399.22 200.00 GMRT band3
60101.281423 14.962394 0.000044 0.36 1.5214407 1.0674624 1.4340000 399.22 200.00 GMRT band3
60115.296354 14.962467997 0.00007154404416237821 0.61 2.0870559 2.1099994 3.7270000 399.22 200.00 GMRT band3
60121.218692 14.962304 0.000152 6.47 3.4114039 3.4212217 1.2475000 399.22 200.00 GMRT band3
60132.247165 14.960871 0.000707 1.98 20.3637487 19.2242269 13.4290000 399.22 200.00 GMRT band3
60139.175926 14.962340 0.000129 2.40 2.3109218 2.3897179 1.3740000 399.22 200.00 GMRT band3
60149.222511 14.963512 0.000598 1.80 14.4826752 13.1275295 5.8000000 399.22 200.00 GMRT band3
60160.155382 14.962385 0.000170 0.95 3.7558025 3.6504185 3.2720000 399.22 200.00 GMRT band3
60178.075174 14.962339752 0.00005151520080744314 0.69 5.5993886 4.4702124 2.8695000 399.22 200.00 GMRT band3
60191.054803 14.962312 0.000087 1.91 2.2652151 2.2973794 1.4000000 399.22 200.00 GMRT band3
60196.048900 14.962165 0.000180 2.13 2.9084023 1.6719338 1.7195000 399.22 200.00 GMRT band3
60213.929745 14.962235 0.000265 1.19 5.3045057 6.6098374 4.3775000 399.22 200.00 GMRT band3
60245.028646 14.962370902 0.00014669303370728071 1.01 17.0740862 4.5578680 5.0885000 399.22 200.00 GMRT band3
60254.847627 14.962455 0.000181 4.43 7.7817852 7.3457632 1.8480000 399.22 200.00 GMRT band3
60267.949595 14.962195117 0.00005484140645943746 1.68 3.8663671 3.6131932 3.4760000 399.22 200.00 GMRT band3
60274.841551 14.962720 0.000505 1.47 15.7516296 15.3509274 8.2660000 399.22 200.00 GMRT band3
60285.933159 14.962451 0.000050 0.40 0.9892387 0.6843781 1.0230000 399.22 200.00 GMRT band3
60296.727026 14.962012 0.000210 3.46 4.1082927 3.4949879 2.1175000 399.22 200.00 GMRT band3
60304.984028 14.962314 0.000259 1.94 6.3848863 6.4134539 2.8610000 399.22 200.00 GMRT band3
60316.715683 14.962039 0.000043 0.24 2.5344949 2.1711869 1.9630000 399.22 200.00 GMRT band3
60326.828877 14.962254 0.000071 1.07 1.7263440 1.5316171 0.9850000 399.22 200.00 GMRT band3
60336.580729 14.962197 0.000167 2.10 3.7886603 3.2778227 2.4880000 399.22 200.00 GMRT band3
60348.737210 14.962021827 0.00049285165099583383 2.46 21.1152951 26.5161353 19.6960000 399.22 200.00 GMRT band3
60359.557349 14.962813 0.000292 0.55 5.6707999 5.1573907 5.0940000 399.22 200.00 GMRT band3
60367.673669 14.961942 0.000300 1.28 10.4843080 10.8968095 9.1690000 399.22 200.00 GMRT band3
60377.515335 14.962217 0.000155 3.55 4.1022409 3.5599815 1.9070000 399.22 200.00 GMRT band3
60386.596528 14.961919 0.000193 1.19 4.6411995 3.1716892 3.6870000 399.22 200.00 GMRT band3
60398.435475 14.962335 0.000113 1.19 2.2362877 2.3426888 2.2910000 399.22 200.00 GMRT band3
