59713.379456 14.962551 0.000123 0.90 9.0243445 7.8751749 3.0510000 879.66 400.00 GMRT band3+5
59730.347511 14.962496 0.000054 0.70 3.6576748 2.3165941 2.5585000 879.66 400.00 GMRT band3+5
59749.266956 14.962498 0.000156 3.05 8.8357396 8.9603636 2.7680000 879.66 400.00 GMRT band3+5
59782.192072 14.962479 0.000150 1.17 10.2879573 10.3730285 6.3270000 879.66 400.00 GMRT band3+5
59789.310127 14.962501 0.000120 1.27 10.2284534 10.7125439 3.6805000 879.66 400.00 GMRT band3+5
59810.033275 14.962333 0.000200 2.15 11.4074470 11.3263771 4.1670000 879.66 400.00 GMRT band3+5
59818.993923 14.962589 0.000139 1.48 10.7895279 8.6910314 7.5100000 879.66 400.00 GMRT band3+5
59829.051909 14.962460 0.000097 0.53 14.2564634 14.5987509 9.0580000 879.66 400.00 GMRT band3+5
59880.917650 14.962327 0.000113 0.94 9.3825722 9.4939610 7.0505000 879.66 400.00 GMRT band3+5
59898.875289 14.962340 0.000057 0.73 7.0131752 7.1781112 1.3940000 879.66 400.00 GMRT band3+5
59918.843981 14.962531 0.000129 1.62 30.9880136 29.9904717 2.6280000 879.66 400.00 GMRT band3+5
59939.735011 14.962486 0.000065 1.49 4.1990286 2.1403458 2.4170000 879.66 400.00 GMRT band3+5
59959.688252 14.962371 0.000044 1.23 2.5764577 2.2095226 1.9020000 879.66 400.00 GMRT band3+5
59982.607812 14.962429 0.000367 23.27 13.7911198 12.8374447 3.1120000 879.66 400.00 GMRT band3+5
60002.549248 14.962443 0.000138 2.24 7.9558508 6.8136570 2.9095000 879.66 400.00 GMRT band3+5
60055.401794 14.962400 0.000092 1.47 4.8447557 4.9823883 2.8750000 879.66 400.00 GMRT band3+5
60073.445544 14.962744 0.000133 0.73 12.0756047 8.1920428 6.9050000 879.66 400.00 GMRT band3+5
60092.335590 14.962474 0.000125 2.34 5.8640543 4.1075224 4.0090000 879.66 400.00 GMRT band3+5
60132.247165 14.962090 0.000425 2.43 17.5253976 17.0271650 11.7115000 879.66 400.00 GMRT band3+5
60149.222511 14.962563423 0.00022489691218938664 1.68 14.2842677 11.9153145 5.2970000 879.66 400.00 GMRT band3+5
60191.054803 14.962326 0.000061 1.74 3.6839760 3.6676835 1.5510000 879.66 400.00 GMRT band3+5
60213.929745 14.962486 0.000097 1.26 5.1343611 5.8600002 3.8225000 879.66 400.00 GMRT band3+5
60254.847627 14.962413 0.000138 3.37 10.3912652 11.0305030 3.4275000 879.66 400.00 GMRT band3+5
60274.841551 14.962278419 0.00020578306304608500 1.06 14.4433652 14.2415844 6.6470000 879.66 400.00 GMRT band3+5
60296.727026 14.962183 0.000153 3.03 5.4422454 5.8430411 2.4030000 879.66 400.00 GMRT band3+5
60316.715683 14.962262 0.000062 1.95 2.1135196 2.1661860 1.9630000 879.66 400.00 GMRT band3+5
60336.580729 14.962190 0.000123 1.58 8.8060414 8.7886337 2.9505000 879.66 400.00 GMRT band3+5
60359.557349 14.962089543 0.00011890710076696485 0.48 4.4246931 4.1731548 4.8640000 879.66 400.00 GMRT band3+5
60377.515335 14.962197 0.000120 2.34 9.3375216 8.6510127 2.2295000 879.66 400.00 GMRT band3+5
60398.435475 14.962248 0.000062 0.93 5.2901321 4.7857600 2.9640000 879.66 400.00 GMRT band3+5
