58251.460706 30.242259 0.001216 0.11 6.6732997 9.3442932 20.5750000 449.95 100.00 GMRT band3
58284.381597 30.242565 0.006422 0.17 17.9487884 12.1228519 27.4220000 449.95 100.00 GMRT band3
58299.362905 30.237552 0.000569 0.01 12.4017331 18.4095010 24.8315000 449.95 100.00 GMRT band3
58333.227199 30.230020 0.001157 0.03 28.0996194 34.0287114 30.9370000 449.95 100.00 GMRT band3
58347.166262 30.237699 0.001570 0.13 16.8905242 18.9974688 24.1080000 449.95 100.00 GMRT band3
58363.157002 30.239253 0.001974 0.06 15.4020173 16.1807601 52.9140000 449.95 100.00 GMRT band3
58378.116724 30.241333 0.000083 0.00 1.8956712 3.1075047 26.3735000 449.95 100.00 GMRT band3
58462.880093 30.239313 0.004997 1.65 25.2960923 26.2840632 25.5520000 449.95 100.00 GMRT band3
58476.857118 30.229404 0.008426 0.53 83.2885318 87.1759294 74.4420000 449.95 100.00 GMRT band3
58504.744386 30.234335 0.006278 0.59 46.4471840 49.0846297 56.4850000 449.95 100.00 GMRT band3
58517.748669 30.240845 0.009693 0.53 35.9345124 37.1811471 29.5615000 449.95 100.00 GMRT band3
58560.578761 30.238628 0.003595 0.10 16.5975466 18.4304118 52.2720000 449.95 100.00 GMRT band3
57690.958970 30.238974 0.001580 0.85 34.0705536 31.7168640 33.2605000 400.05 200.00 GMRT band3
57704.912558 30.242635 0.001186 1.08 41.3556172 43.9948397 35.1540000 400.05 200.00 GMRT band3
57720.055151 30.241243 0.001573 1.22 59.9047815 66.0994976 41.8215000 400.05 200.00 GMRT band3
57732.916262 30.242396 0.001963 1.60 60.9213112 60.7829618 35.7050000 400.05 200.00 GMRT band3
57759.905845 30.241559 0.001135 0.53 19.7860648 20.5480712 38.1270000 400.05 200.00 GMRT band3
57773.863137 30.239016 0.002278 3.01 53.1433245 60.0547789 29.5190000 400.05 200.00 GMRT band3
57829.597164 30.236321 0.004534 1.24 116.7346306 121.8086539 105.3140000 400.05 200.00 GMRT band3
57868.605151 30.241110 0.001706 2.21 37.9317567 43.0094494 24.9990000 400.05 200.00 GMRT band3
57885.662211 30.242711 0.001377 0.85 23.4583950 24.9474652 30.7640000 400.05 200.00 GMRT band3
57894.597743 30.242033 0.001124 1.01 30.3122651 37.1849973 24.2140000 400.05 200.00 GMRT band3
57908.374942 30.240402 0.001659 2.18 53.9087141 64.6572982 28.3520000 400.05 200.00 GMRT band3
57935.365336 30.240896 0.004089 3.83 75.7881839 80.4419877 41.4790000 400.05 200.00 GMRT band3
57963.358160 30.245761 0.001948 0.52 38.8446614 26.2939568 48.8220000 400.05 200.00 GMRT band3
57978.350000 30.243468 0.001417 0.70 33.0937378 27.5726107 33.5770000 400.05 200.00 GMRT band3
57991.210822 30.242402 0.002371 1.56 85.9797142 85.5500829 48.5760000 400.05 200.00 GMRT band3
58005.142188 30.241981 0.001495 0.37 32.1755339 34.9672078 44.9550000 400.05 200.00 GMRT band3
58046.971817 30.241292 0.005258 0.22 25.9074763 17.2759839 39.7900000 400.05 200.00 GMRT band3
58054.941898 30.241945 0.001651 1.70 39.8996498 42.9686151 33.4580000 400.05 200.00 GMRT band3
58068.918750 30.243743 0.002202 1.61 60.0929260 60.1841731 49.4490000 400.05 200.00 GMRT band3
58082.924479 30.239693 0.001998 2.03 52.8864045 56.1834591 41.4940000 400.05 200.00 GMRT band3
58096.914873 30.240572 0.001215 1.54 40.4289807 40.5511482 25.8910000 400.05 200.00 GMRT band3
58110.801042 30.240567 0.000729 0.42 23.8739806 50.5211710 33.2825000 400.05 200.00 GMRT band3
58124.752199 30.243493 0.000829 0.50 33.0551933 28.2956677 33.2900000 400.05 200.00 GMRT band3
58138.760822 30.242189 0.001100 0.92 34.5723254 34.4796101 31.6225000 400.05 200.00 GMRT band3
58166.622570 30.241244 0.004960 0.77 36.5141851 32.4069200 29.3385000 400.05 200.00 GMRT band3
59343.492245 30.237418 0.002415 1.59 40.8887126 39.9256599 28.4715000 399.23 200.00 GMRT band3
59355.438137 30.239081 0.003277 2.17 48.2936369 49.7173891 29.3730000 399.23 200.00 GMRT band3
59376.303414 30.241043 0.001211 5.03 31.3829570 28.8526863 15.2630000 399.23 200.00 GMRT band3
59385.268923 30.240248 0.002348 8.49 15.7390775 15.3823905 5.7130000 399.23 200.00 GMRT band3
59397.311400 30.240019 0.000144 0.39 5.3514193 4.4383797 6.5250000 399.23 200.00 GMRT band3
59406.271354 30.240833 0.000477 3.80 21.5274968 22.4289514 15.3360000 399.23 200.00 GMRT band3
59418.378183 30.241885 0.001459 0.74 15.1896133 13.2407222 21.9380000 399.23 200.00 GMRT band3
59427.182581 30.240242 0.000730 4.71 9.5577960 9.4892800 7.3075000 399.22 200.00 GMRT band3
59435.169502 30.240837 0.000392 6.48 10.2403287 10.2012912 3.8370000 399.22 200.00 GMRT band3
59446.165509 30.239589 0.000360 4.26 13.2190528 14.2816928 6.4400000 399.22 200.00 GMRT band3
59456.074248 30.240345 0.000674 16.16 16.0239404 15.8576447 4.1640000 399.22 200.00 GMRT band3
59475.051099 30.238607 0.000794 2.90 23.6584204 18.0231563 8.7480000 399.22 200.00 GMRT band3
59483.973206 30.240513 0.000607 27.64 19.3101090 18.7512283 4.0010000 399.22 200.00 GMRT band3
59515.990799 30.238917 0.000437 5.88 26.1212977 17.1155338 3.9880000 399.22 200.00 GMRT band3
59527.871933 30.239074 0.000602 6.49 20.7155422 21.4265621 6.7835000 399.22 200.00 GMRT band3
59538.916377 30.239839 0.002075 16.87 58.3508279 55.8329125 9.7000000 399.22 200.00 GMRT band3
59545.881771 30.240234 0.000322 2.70 13.6671037 13.1284885 10.2740000 399.22 200.00 GMRT band3
59555.892708 30.239342 0.000908 25.64 27.9091611 23.6810475 7.5250000 399.22 200.00 GMRT band3
59565.728877 30.241777 0.000694 7.50 12.6726858 15.3553719 8.4330000 399.22 200.00 GMRT band3
59575.691261 30.240368 0.000237 2.87 9.1685630 10.0152790 3.2945000 399.22 200.00 GMRT band3
59587.671701 30.239322 0.000583 11.73 18.0378219 18.2244891 5.6900000 399.22 200.00 GMRT band3
59596.656597 30.240213 0.000955 30.14 20.3329117 22.3924119 5.3965000 399.22 200.00 GMRT band3
59604.621701 30.237075 0.000941 23.54 39.9053649 37.3492063 10.6750000 399.22 200.00 GMRT band3
59615.614410 30.240881 0.000390 3.38 15.1590562 15.2060302 5.7305000 399.22 200.00 GMRT band3
59627.617650 30.240239 0.000479 10.70 25.3307765 25.9428050 7.7800000 399.22 200.00 GMRT band3
59635.521932 30.239634 0.000244 2.04 7.9008497 7.6065341 6.9800000 399.22 200.00 GMRT band3
59646.527951 30.240895 0.001416 71.16 24.0325939 24.5477814 4.6200000 399.22 200.00 GMRT band3
59656.493576 30.242354 0.001116 9.67 24.5825348 30.8471164 14.8200000 399.22 200.00 GMRT band3
59665.439062 30.241267 0.000543 2.39 9.8235602 9.9190652 5.4050000 399.22 200.00 GMRT band3
59692.423842 30.239823 0.000515 2.87 14.7410679 13.5996186 9.6190000 399.22 200.00 GMRT band3
59701.416030 30.242400 0.000314 3.11 15.7029897 12.4498498 7.7360000 399.22 200.00 GMRT band3
59713.405845 30.241170 0.000635 9.13 13.2343403 13.0979407 4.7065000 399.22 200.00 GMRT band3
59719.331076 30.240861 0.000754 3.37 22.4340436 22.3860508 9.0240000 399.22 200.00 GMRT band3
59730.303530 30.239146 0.000675 34.35 18.5545653 16.0350556 3.9610000 399.22 200.00 GMRT band3
59741.269155 30.239945 0.000575 19.22 18.4868328 16.5566383 3.7745000 399.22 200.00 GMRT band3
59749.202373 30.240342 0.001143 2.82 36.9159840 38.7822330 15.2310000 399.22 200.00 GMRT band3
59772.202025 30.240617 0.001025 5.79 48.5469717 48.3220866 8.6700000 399.22 200.00 GMRT band3
59782.257754 30.242320 0.002060 1.95 33.8355093 24.2140689 23.0190000 399.22 200.00 GMRT band3
59789.199479 30.243583 0.000775 2.68 31.9333325 29.4066378 13.1230000 399.22 200.00 GMRT band3
59810.076509 30.241619 0.000289 5.04 7.2519902 6.1639036 4.9475000 399.22 200.00 GMRT band3
59819.024132 30.240687 0.000178 1.17 12.1437656 12.1187699 6.9205000 399.22 200.00 GMRT band3
59829.099710 30.237905 0.000635 16.23 32.2437388 38.3464151 6.0020000 399.22 200.00 GMRT band3
59839.003299 30.241768 0.000686 4.18 15.6344875 13.5211165 7.5370000 399.22 200.00 GMRT band3
59880.860822 30.240975 0.000271 1.21 10.5547220 10.6206250 10.7480000 399.22 200.00 GMRT band3
59889.832118 30.239925 0.000457 15.14 12.4267696 10.5125900 3.3265000 399.22 200.00 GMRT band3
59898.848611 30.239222 0.000490 11.24 13.3113517 14.7769870 3.7250000 399.22 200.00 GMRT band3
59908.833507 30.240491 0.000498 9.04 12.7984602 12.4103951 4.9380000 399.22 200.00 GMRT band3
59918.923322 30.240260 0.000683 9.25 19.1266149 19.9039767 7.7770000 399.22 200.00 GMRT band3
59928.789178 30.239960 0.000439 24.63 18.7673844 17.4569705 3.6750000 399.22 200.00 GMRT band3
59939.696701 30.239570 0.000273 4.27 12.4182942 12.0494931 4.3360000 399.22 200.00 GMRT band3
59952.638021 30.240119 0.000959 4.67 16.2769916 15.1292960 13.1995000 399.22 200.00 GMRT band3
59959.623206 30.240772 0.003348 4.13 46.1615674 59.8942493 26.4200000 399.22 200.00 GMRT band3
59970.579340 30.240184 0.000531 14.69 23.3330124 24.3390975 4.8060000 399.22 200.00 GMRT band3
59982.577720 30.241304 0.000904 9.94 20.1647270 14.8843635 10.7470000 399.22 200.00 GMRT band3
59989.551446 30.240438 0.000610 26.48 16.7511309 16.3106672 3.1690000 399.22 200.00 GMRT band3
60002.620313 30.241682 0.000759 13.84 17.5157012 19.1083131 6.0470000 399.22 200.00 GMRT band3
60012.550521 30.239718 0.000816 13.18 9.7712542 10.2849765 3.2110000 399.22 200.00 GMRT band3
60021.469039 30.241098 0.000603 9.74 14.2733802 14.9507551 6.3160000 399.22 200.00 GMRT band3
60029.439873 30.240240 0.001033 24.01 40.1277588 55.5835027 5.7540000 399.22 200.00 GMRT band3
60055.518403 30.242314 0.000641 19.24 25.6345883 24.0830701 5.0205000 399.22 200.00 GMRT band3
60063.370544 30.240138 0.000420 17.77 17.2522418 17.3696472 3.3870000 399.22 200.00 GMRT band3
60073.418924 30.240792 0.000595 38.33 20.1789255 20.1735457 3.4980000 399.22 200.00 GMRT band3
60083.338310 30.240287 0.000371 9.95 8.4349641 9.5231388 4.2320000 399.22 200.00 GMRT band3
60092.304398 30.241627 0.000511 5.05 43.1156464 43.6770061 16.1275000 399.22 200.00 GMRT band3
60101.302604 30.241874 0.000584 16.82 21.8569143 24.1204709 5.4220000 399.22 200.00 GMRT band3
60115.240335 30.240316 0.000618 20.76 14.6743501 14.7404349 4.4330000 399.22 200.00 GMRT band3
60121.199711 30.241939 0.002267 60.63 48.1045666 48.9355745 5.4560000 399.22 200.00 GMRT band3
60132.220544 30.239443 0.002332 4.09 18.1446724 17.6230147 16.1420000 399.22 200.00 GMRT band3
60139.136285 30.241152 0.000498 23.20 21.3516888 19.2341066 4.7180000 399.22 200.00 GMRT band3
60149.196470 30.239517 0.001400 9.45 13.2268229 13.3764485 6.9320000 399.22 200.00 GMRT band3
60160.136169 30.239878 0.000657 20.01 17.5131986 17.5185055 3.8375000 399.22 200.00 GMRT band3
60178.094387 30.241382 0.000271 7.31 11.6041632 9.5665162 3.4670000 399.22 200.00 GMRT band3
60191.099942 30.238919 0.000710 20.12 21.9022678 14.1784561 4.2990000 399.22 200.00 GMRT band3
60196.029572 30.239575 0.000590 20.54 13.2214517 13.1650803 3.1020000 399.22 200.00 GMRT band3
60213.905787 30.243686 0.000411 4.74 18.5272166 23.1077295 8.0610000 399.22 200.00 GMRT band3
60244.972743 30.242122 0.000508 15.13 14.5284848 15.7595336 3.1765000 399.22 200.00 GMRT band3
60254.973495 30.240777 0.000030 0.64 0.8964706 0.8741262 1.2780000 399.22 200.00 GMRT band3
60267.929572 30.239753 0.000791 22.46 13.3639635 11.7524208 2.8430000 399.22 200.00 GMRT band3
60274.914526 30.239016 0.001301 54.86 47.3259866 43.1782508 5.0930000 399.22 200.00 GMRT band3
60285.912673 30.240905 0.000524 9.76 14.2162035 16.9391758 3.6470000 399.22 200.00 GMRT band3
60296.842998 30.239557 0.000793 50.94 21.6723378 20.7058227 3.1565000 399.22 200.00 GMRT band3
60304.964525 30.240272 0.000533 21.94 14.7537197 14.7436418 4.1815000 399.22 200.00 GMRT band3
60316.811098 30.240474 0.000368 9.98 18.0525050 17.4198288 5.8710000 399.22 200.00 GMRT band3
60326.805150 30.240620 0.000526 25.94 16.9514620 16.9002701 2.7975000 399.22 200.00 GMRT band3
60336.607697 30.240883 0.000312 7.30 17.4359337 16.9297457 4.7705000 399.22 200.00 GMRT band3
60377.631771 30.238736 0.000873 47.13 33.6581567 27.3922671 3.5760000 399.22 200.00 GMRT band3
60386.573785 30.240447 0.000270 6.93 11.8685396 11.9860123 4.0780000 399.22 200.00 GMRT band3
60398.462673 30.241039 0.000574 21.89 17.7469080 17.4188111 4.0170000 399.22 200.00 GMRT band3
60399.591840 30.241006 0.000364 11.21 11.7616277 11.4569615 3.5075000 399.22 200.00 GMRT band3
