58251.460706 30.243702 0.000205 0.11 24.3780260 8.4127829 19.2235000 929.95 200.00 GMRT band3+5
58299.362905 30.242495 0.000494 0.42 28.3519834 19.0218197 22.5435000 929.95 200.00 GMRT band3+5
58333.227199 30.242776 0.000659 0.84 31.9874332 32.1723516 28.7650000 929.95 200.00 GMRT band3+5
58347.166262 30.241895 0.000397 0.28 25.2447700 18.7823159 24.1080000 929.95 200.00 GMRT band3+5
58363.157002 30.242296 0.000392 0.12 18.5174458 15.8286318 41.4920000 929.95 200.00 GMRT band3+5
58378.116724 30.242310 0.000099 0.01 16.4663761 2.5837604 26.8905000 929.95 200.00 GMRT band3+5
58462.880093 30.241764 0.001025 1.25 26.3008517 23.7673426 24.8440000 929.95 200.00 GMRT band3+5
58476.857118 30.243906 0.001093 0.72 81.8405723 83.9876108 63.0500000 929.95 200.00 GMRT band3+5
58504.744386 30.242322 0.001031 0.76 44.8505714 46.0160103 51.6270000 929.95 200.00 GMRT band3+5
58560.578761 30.242837 0.000996 0.57 22.2818430 19.9100351 51.7840000 929.95 200.00 GMRT band3+5
57690.958970 30.240394 0.000704 0.86 33.2763728 30.6783719 32.7910000 880.05 400.00 GMRT band3+5
57704.912558 30.242281 0.000444 0.93 40.7182402 42.7365215 34.5120000 880.05 400.00 GMRT band3+5
57720.055151 30.242567 0.000720 1.15 59.3572876 63.6264330 38.1710000 880.05 400.00 GMRT band3+5
57732.916262 30.242884 0.000643 1.39 59.9152324 58.8854457 34.9540000 880.05 400.00 GMRT band3+5
57773.863137 30.242040 0.000748 3.07 52.4611117 58.5112125 27.6030000 880.05 400.00 GMRT band3+5
57829.597164 30.243445 0.001097 1.31 115.4649456 120.9106509 82.4690000 880.05 400.00 GMRT band3+5
57868.605151 30.242600 0.000649 2.05 39.6546079 41.5382993 21.9950000 880.05 400.00 GMRT band3+5
57885.662211 30.242642 0.000511 0.96 25.1591919 24.5296166 29.2170000 880.05 400.00 GMRT band3+5
57894.597743 30.242663 0.000381 0.94 31.2099100 36.3662995 24.0360000 880.05 400.00 GMRT band3+5
57908.374942 30.242397 0.000772 2.22 52.3893365 62.6239744 26.4335000 880.05 400.00 GMRT band3+5
57935.365336 30.243079 0.001102 3.34 74.5240454 78.4013212 29.4620000 880.05 400.00 GMRT band3+5
57963.358160 30.242976 0.000461 0.55 39.3773040 25.8407633 42.4320000 880.05 400.00 GMRT band3+5
57978.350000 30.242421 0.000410 0.68 33.5158368 26.6466444 28.7140000 880.05 400.00 GMRT band3+5
57991.210822 30.241619 0.000749 1.33 84.2988161 83.8434155 46.2660000 880.05 400.00 GMRT band3+5
58005.142188 30.242562 0.000341 0.31 31.8298049 34.3740943 43.1210000 880.05 400.00 GMRT band3+5
58054.941898 30.242080 0.000558 1.68 39.0509485 42.5946417 30.0430000 880.00 400.00 GMRT band3+5
58068.918750 30.242753 0.000684 1.40 59.5430164 58.8573047 42.4135000 880.00 400.00 GMRT band3+5
58110.801042 30.241587 0.004384 3.21 48.2565737 49.4267915 28.5240000 880.00 400.00 GMRT band3+5
58124.752199 30.242178 0.000376 0.57 32.7459781 27.3890838 30.8480000 880.00 400.00 GMRT band3+5
58138.760822 30.241168 0.000466 0.87 33.4839975 33.1692057 30.6780000 880.00 400.00 GMRT band3+5
59343.492245 30.239798 0.000999 1.49 37.9494124 44.3610281 28.4715000 879.67 400.00 GMRT band3+5
59355.438137 30.241231 0.000585 1.91 46.6949762 47.9402397 27.7330000 879.67 400.00 GMRT band3+5
59376.303414 30.241739 0.000840 4.60 31.1424379 27.2877361 15.2630000 879.67 400.00 GMRT band3+5
59385.268923 30.241096 0.000950 6.83 15.2341835 13.9838959 6.1430000 879.67 400.00 GMRT band3+5
59397.311400 30.240474 0.000286 2.08 10.6627145 13.1961992 7.8230000 879.67 400.00 GMRT band3+5
59406.271354 30.241109 0.000333 3.47 20.6397365 21.3990429 13.4295000 879.67 400.00 GMRT band3+5
59418.378183 30.241625 0.000369 0.60 16.2694681 12.3556329 18.5470000 879.67 400.00 GMRT band3+5
59427.182581 30.240545 0.000471 3.95 9.2248832 10.3960708 9.0005000 879.66 400.00 GMRT band3+5
59446.165509 30.239766 0.000323 4.22 14.2013074 20.0689104 6.7360000 879.66 400.00 GMRT band3+5
59456.074248 30.240606 0.000528 14.52 15.3744705 15.4322123 4.6960000 879.66 400.00 GMRT band3+5
59475.051099 30.239938 0.000428 3.60 22.6957166 18.1495463 8.7480000 879.66 400.00 GMRT band3+5
59483.973206 30.240487 0.000500 22.72 17.6986696 16.3932067 4.0450000 879.66 400.00 GMRT band3+5
59515.990799 30.239362 0.000405 6.80 22.9560320 21.8282092 4.0640000 879.66 400.00 GMRT band3+5
59527.871933 30.239608 0.000451 6.53 19.1732473 22.4431529 7.7265000 879.66 400.00 GMRT band3+5
59538.916377 30.240390 0.001094 14.01 54.7677223 51.9167057 9.7300000 879.66 400.00 GMRT band3+5
59545.881771 30.240601 0.000283 3.18 14.0241587 14.0215574 9.8210000 879.66 400.00 GMRT band3+5
59555.892708 30.239629 0.000736 22.89 26.1391085 23.3720762 8.5170000 879.66 400.00 GMRT band3+5
59565.728877 30.241472 0.000559 6.91 16.3618656 23.2009870 9.0575000 879.66 400.00 GMRT band3+5
59575.691261 30.240379 0.000200 2.34 12.9076294 10.2941772 3.9965000 879.66 400.00 GMRT band3+5
59587.671701 30.239432 0.000528 10.37 15.3592649 24.0673614 6.1170000 879.66 400.00 GMRT band3+5
59596.656597 30.240175 0.000965 31.56 960.8446865 953.4321344 7.2370000 879.66 400.00 GMRT band3+5
59604.621701 30.239906 0.000999 27.03 38.3796180 44.7100162 10.6750000 879.66 400.00 GMRT band3+5
59615.614410 30.240816 0.000274 2.87 13.8510879 13.9179621 6.8405000 879.66 400.00 GMRT band3+5
59627.617650 30.240518 0.000426 10.53 23.4052934 24.2098161 8.7100000 879.66 400.00 GMRT band3+5
59635.521932 30.239704 0.000201 1.76 12.2157192 8.8322697 8.0550000 879.66 400.00 GMRT band3+5
59646.527951 30.240968 0.001167 59.39 22.0101808 21.9682326 5.4990000 879.66 400.00 GMRT band3+5
59656.493576 30.241671 0.000802 8.83 23.3318196 29.4110380 13.9360000 879.66 400.00 GMRT band3+5
59665.439062 30.240723 0.000344 2.44 10.1514626 10.1410084 9.1700000 879.66 400.00 GMRT band3+5
59692.423842 30.240390 0.000351 2.93 13.9181605 12.8428965 9.6190000 879.66 400.00 GMRT band3+5
59713.405845 30.241154 0.000486 7.98 13.9383561 14.0509050 5.5340000 879.66 400.00 GMRT band3+5
59719.331076 30.240641 0.000480 2.94 20.7047060 20.5918287 10.1665000 879.66 400.00 GMRT band3+5
59730.303530 30.239386 0.000583 30.55 15.5671786 19.6928613 3.9900000 879.66 400.00 GMRT band3+5
59749.202373 30.241046 0.000478 2.50 35.2770854 37.0659437 11.6600000 879.66 400.00 GMRT band3+5
59772.202025 30.240946 0.000721 5.23 47.2596441 46.6318865 11.1950000 879.66 400.00 GMRT band3+5
59782.257754 30.242518 0.000754 1.61 36.0373800 23.1578363 18.3240000 879.66 400.00 GMRT band3+5
59789.199479 30.241622 0.000502 3.95 31.1235189 28.0922947 13.0490000 879.66 400.00 GMRT band3+5
59810.076509 30.241392 0.000260 5.39 7.2637333 8.9602590 5.6400000 879.66 400.00 GMRT band3+5
59819.024132 30.240724 0.000154 1.15 11.8535190 11.8078048 7.4670000 879.66 400.00 GMRT band3+5
59829.099710 30.239899 0.000770 16.02 29.5988180 39.8695865 7.4940000 879.66 400.00 GMRT band3+5
59839.003299 30.241254 0.000385 3.77 14.5029296 14.5671102 7.5370000 879.66 400.00 GMRT band3+5
59880.860822 30.240955 0.000193 1.07 10.3697564 11.0929836 11.4155000 879.66 400.00 GMRT band3+5
59898.848611 30.239524 0.000424 10.94 12.8956664 15.1625405 3.9410000 879.66 400.00 GMRT band3+5
59918.923322 30.240556 0.000513 8.20 17.7870796 18.2856321 7.8680000 879.66 400.00 GMRT band3+5
59939.696701 30.239731 0.000243 4.22 11.2892761 13.2392106 4.8080000 879.66 400.00 GMRT band3+5
60002.620313 30.241360 0.000544 12.09 15.9817074 18.9092255 6.5655000 879.66 400.00 GMRT band3+5
60021.469039 30.241005 0.000463 8.40 13.6589841 14.6585876 9.3860000 879.66 400.00 GMRT band3+5
60055.518403 30.242228 0.000575 16.49 20.8031333 26.4970989 6.0735000 879.66 400.00 GMRT band3+5
60073.418924 30.240743 0.000514 31.55 21.9472134 21.9137905 3.5500000 879.66 400.00 GMRT band3+5
60115.240335 30.240337 0.000520 17.64 13.3117638 13.6953935 4.6030000 879.66 400.00 GMRT band3+5
60132.220544 30.240519 0.000911 3.44 16.0698612 15.1435953 16.1420000 879.66 400.00 GMRT band3+5
60149.196470 30.240839 0.000809 8.92 13.4327741 13.1700477 7.1545000 879.66 400.00 GMRT band3+5
60191.099942 30.239419 0.000615 20.21 19.3230493 19.0965512 4.4570000 879.66 400.00 GMRT band3+5
60213.905787 30.240880 0.000730 11.02 17.2088772 25.6425044 8.0610000 879.66 400.00 GMRT band3+5
60254.973495 30.240776 0.000028 0.56 1.3800960 1.3598758 1.2940000 879.66 400.00 GMRT band3+5
60274.914526 30.240559 0.000702 48.21 42.7549110 40.3433918 5.4820000 879.66 400.00 GMRT band3+5
60296.842998 30.239650 0.000706 43.36 17.5560887 22.8781182 3.2145000 879.66 400.00 GMRT band3+5
60316.811098 30.240529 0.000320 8.88 17.3930742 16.4800925 6.1140000 879.66 400.00 GMRT band3+5
60336.607697 30.240873 0.000268 6.40 16.0922983 15.6355472 4.9860000 879.66 400.00 GMRT band3+5
60377.631771 30.238828 0.000778 40.44 29.0157718 27.2007716 4.0610000 879.66 400.00 GMRT band3+5
60398.462673 30.240993 0.000471 18.03 15.2664611 15.1909240 4.0460000 879.66 400.00 GMRT band3+5
60399.591840 30.240952 0.000306 9.75 10.6701341 10.9893084 3.7110000 879.66 400.00 GMRT band3+5
