59692.448900 75.697708 0.0061868 0.06 4.3632862 2.6251642 13.8560000 1360.10 200.00 GMRT band5
59713.430729 75.688926 0.018930 0.31 5.8525383 5.9511744 12.6080000 1360.10 200.00 GMRT band5
59719.383970 75.635350 0.005931 0.01 13.4550404 10.4286437 19.2835000 1360.10 200.00 GMRT band5
59730.433391 75.699338 0.006474 0.00 4.2653969 11.0948257 13.5300000 1360.10 200.00 GMRT band5
59749.293344 75.701443 0.034480 0.88 9.6834076 9.7069158 13.0515000 1360.10 200.00 GMRT band5
59761.282292 75.672135 0.009477 0.03 6.0016086 2.7711351 18.2570000 1360.10 200.00 GMRT band5
59782.232117 75.692571 0.0112499 0.70 21.7082939 20.6980999 23.9470000 1360.10 200.00 GMRT band5
59789.234549 75.747367 0.009864 0.09 14.0376030 16.2694671 11.0540000 1360.10 200.00 GMRT band5
59800.250520 75.696470 0.006103 0.59 9.5976679 25.9110240 12.7650000 1360.10 200.00 GMRT band5
59810.119907 75.680291 0.011563 0.10 4.7203603 3.1239055 11.5440000 1360.10 200.00 GMRT band5
59819.089063 75.686669 0.0079094 1.83 20.4988111 19.6079633 17.1805000 1360.10 200.00 GMRT band5
59829.073958 75.628239 0.005253 0.01 11.9934773 12.6325270 14.3290000 1360.10 200.00 GMRT band5
59839.038831 75.693737 0.020014 0.41 6.3392378 7.5890789 12.5640000 1360.10 200.00 GMRT band5
59880.944271 75.699784 0.011131 0.07 3.6348375 7.1032992 15.0250000 1360.10 200.00 GMRT band5
59898.901099 75.676702 0.019101 0.33 6.4426916 7.3498874 11.7735000 1360.10 200.00 GMRT band5
59918.893808 75.648846 0.014263 0.06 8.1275907 7.7159939 14.8290000 1360.10 200.00 GMRT band5
60002.646238 75.698989 0.001594 0.00 0.9698814 0.3242788 10.4200000 1360.10 200.00 GMRT band5
60021.540914 75.712869 0.005093 0.00 5.5621074 11.0842427 26.6770000 1360.10 200.00 GMRT band5
60055.478067 75.689960 0.00672546 2.00 30.2857185 24.5418820 14.2845000 1360.10 200.00 GMRT band5
60073.472859 75.770369 0.007336 0.05 19.3986540 18.1117305 12.2100000 1360.10 200.00 GMRT band5
60092.362326 75.852314 0.028072 0.15 26.3824191 28.1536420 15.4800000 1360.10 200.00 GMRT band5
60132.273900 75.716711 0.012379 0.10 6.6118248 4.0469112 13.3430000 1360.10 200.00 GMRT band5
60149.247974 75.730977 0.010429 0.04 6.3987741 10.6031948 11.7850000 1360.10 200.00 GMRT band5
60168.056423 75.680917 0.006176 0.04 14.7188446 34.0828619 12.3040000 1360.10 200.00 GMRT band5
60191.146469 75.695420 0.032525 1.04 10.3185026 12.6436877 11.9150000 1360.10 200.00 GMRT band5
60254.917303 75.705671 0.000085 0.00 2.9601808 2.9640784 8.2220000 1360.10 200.00 GMRT band5
60274.867187 75.6729765 0.0147537 0.48 19.9418929 46.6968997 32.2145000 1360.10 200.00 GMRT band5
60296.797511 75.736770 0.001276 0.00 11.1176808 11.7183032 10.2730000 1360.10 200.00 GMRT band5
60316.760011 75.706792 0.019298 0.26 6.7339872 7.8840407 12.7380000 1360.10 200.00 GMRT band5
60359.628645 75.669455 0.090827 2.35 20.5859628 20.8167439 18.7830000 1360.10 200.00 GMRT band5
60393.556886 75.671776 0.00559278 1.02 16.7821227 15.7733843 11.8010000 1360.10 200.00 GMRT band5
60398.535069 75.6726906 0.0054522 0.00 10.3460520 5.9753873 11.9120000 1360.10 200.00 GMRT band5
