58251.486285 9.024792 0.000185 0.79 15.3339574 15.6516612 13.5810000 929.95 200.00 GMRT band3+5
58284.419850 9.024792 0.000446 1.14 19.4351118 19.6898553 18.1505000 929.95 200.00 GMRT band3+5
58299.389641 9.024810 0.000323 0.86 6.9293908 7.0596372 10.2180000 929.95 200.00 GMRT band3+5
58333.264236 9.025117 0.000329 0.74 13.6473763 13.6312703 15.2070000 929.95 200.00 GMRT band3+5
58363.184259 9.025072 0.000305 0.24 10.3091478 10.3667760 22.0710000 929.95 200.00 GMRT band3+5
58378.140162 9.024627 0.000472 0.71 15.8045346 16.1355627 17.3725000 929.95 200.00 GMRT band3+5
58476.947859 9.024879 0.000240 1.17 10.5304936 10.6458010 9.1140000 929.95 200.00 GMRT band3+5
58504.833912 9.025196 0.000175 0.40 11.6194682 11.5923868 13.9575000 929.95 200.00 GMRT band3+5
58560.665972 9.024855 0.000166 0.18 7.3178092 7.3055645 29.9920000 929.95 200.00 GMRT band3+5
57690.986516 9.024483 0.000104 1.05 27.6760788 27.3921717 20.8980000 880.05 400.00 GMRT band3+5
57704.932581 9.024506 0.000104 0.91 16.9363089 15.6881460 12.5970000 880.05 400.00 GMRT band3+5
57720.080903 9.026037 0.000298 1.21 131.7044747 136.6527617 56.5950000 880.05 400.00 GMRT band3+5
57732.943692 9.024475 0.000133 1.12 92.3244385 91.7379100 40.7310000 880.05 400.00 GMRT band3+5
57745.955961 9.024514 0.000158 1.36 22.9231625 21.7820350 12.7520000 880.05 400.00 GMRT band3+5
57759.926100 9.024283 0.000210 0.99 37.6792309 35.6770912 29.0970000 880.05 400.00 GMRT band3+5
57773.882929 9.024634 0.000103 0.96 16.9538926 15.6118483 9.9290000 880.05 400.00 GMRT band3+5
57816.629688 9.024604 0.000104 1.35 30.7696696 30.3916392 17.9240000 880.05 400.00 GMRT band3+5
57829.641261 9.024611 0.000172 1.09 27.0197589 25.4706620 20.6295000 880.05 400.00 GMRT band3+5
57885.679977 9.024553 0.000157 1.15 28.6621323 27.1711887 18.7440000 880.05 400.00 GMRT band3+5
57894.615567 9.024815 0.000081 1.23 15.3673614 14.9312746 9.4600000 880.05 400.00 GMRT band3+5
57908.393692 9.024518 0.000193 1.31 25.6141782 26.4586624 17.7440000 880.05 400.00 GMRT band3+5
57935.384896 9.02483256 0.000633319 2.88 142.4225210 142.4774167 42.7120000 880.05 400.00 GMRT band3+5
57949.340683 9.024869 0.000180 2.01 93.8350808 94.1918047 39.6420000 880.05 400.00 GMRT band3+5
57963.377604 9.024677 0.000118 1.14 35.5039408 36.2806634 20.8800000 880.05 400.00 GMRT band3+5
57978.369155 9.024936 0.000164 1.00 38.6052176 38.5785462 23.0315000 880.05 400.00 GMRT band3+5
57991.231076 9.024436 0.000210 1.17 38.2293046 37.6712342 27.1580000 880.05 400.00 GMRT band3+5
58005.162790 9.024693 0.000146 1.25 37.9739955 38.3332626 13.9480000 880.05 400.00 GMRT band3+5
58068.939178 9.024506 0.000176 1.14 90.3253078 92.1015044 45.6760000 880.00 400.00 GMRT band3+5
58124.772627 9.024630 0.000117 0.90 19.1789550 18.1715095 14.0310000 880.00 400.00 GMRT band3+5
58138.796817 9.024432 0.000108 1.10 22.0288804 20.8808059 15.3325000 880.00 400.00 GMRT band3+5
59343.552951 9.02481992 0.000113179 192.68 46.3325933 46.3385282 6.8730000 879.67 400.00 GMRT band3+5
59376.372338 9.024818415 0.0000686 126.36 28.9763236 30.3156597 5.0070000 879.67 400.00 GMRT band3+5
59385.379109 9.024904 0.000393 43.17 38.5793562 38.3690703 5.0010000 879.67 400.00 GMRT band3+5
59406.334317 9.024747 0.000347 108.29 22.6190517 23.0377797 4.0420000 879.67 400.00 GMRT band3+5
59427.221354 9.025802 0.000408 105.33 22.1584615 22.4845794 3.1090000 879.66 400.00 GMRT band3+5
59446.228761 9.02512825 0.0000538 142.13 19.7105316 21.5969823 3.4570000 879.66 400.00 GMRT band3+5
59456.111632 9.025043 0.000444 131.52 63.4020201 63.4218050 7.1705000 879.66 400.00 GMRT band3+5
59475.112789 9.025734 0.000234 41.65 15.6685234 15.5781770 3.6120000 879.66 400.00 GMRT band3+5
59484.044734 9.025138 0.000044 3.29 5.7294739 5.7117009 2.0460000 879.66 400.00 GMRT band3+5
59492.160937 9.0251563 0.0000918 156.54 33.9149917 33.5123073 5.1585000 879.66 400.00 GMRT band3+5
59516.025752 9.025251 0.000244 72.91 26.2360016 26.3540074 3.6195000 879.66 400.00 GMRT band3+5
59527.900116 9.025096 0.000003 0.23 0.5833506 0.5967749 0.7335000 879.66 400.00 GMRT band3+5
59538.945254 9.025108 0.000428 64.85 28.5234545 28.5056738 6.1800000 879.66 400.00 GMRT band3+5
59545.913773 9.02518892 0.0000552 21.16 11.6169291 11.5982434 2.9930000 879.66 400.00 GMRT band3+5
59555.923669 9.02527305 0.00007409 71.05 16.0801569 16.5956771 4.0070000 879.66 400.00 GMRT band3+5
59565.757118 9.025365 0.000417 33.43 23.0661256 23.0326540 5.8210000 879.66 400.00 GMRT band3+5
59575.727720 9.025215 0.000080 7.86 7.4787295 7.7764685 2.7190000 879.66 400.00 GMRT band3+5
59587.698553 9.0251634 0.000092 97.56 435.0290545 431.9873271 10.9180000 879.66 400.00 GMRT band3+5
59596.681308 9.025060 0.000268 64.89 24.6234064 24.6354930 3.4090000 879.66 400.00 GMRT band3+5
59604.650115 9.025315 0.000100 9.08 9.1176206 8.8657950 2.7190000 879.66 400.00 GMRT band3+5
59615.639583 9.025601 0.001525 243.25 61.1850258 61.4231864 12.7580000 879.66 400.00 GMRT band3+5
59627.646007 9.0254326 0.0000991 106.52 28.9124710 33.5486297 3.5760000 879.66 400.00 GMRT band3+5
59646.554688 9.02510935 0.0000544 11.41 9.6983436 9.1643355 3.0450000 879.66 400.00 GMRT band3+5
59656.518808 9.025371 0.000136 12.83 17.4920449 16.5618779 3.2680000 879.66 400.00 GMRT band3+5
59665.507581 9.0253209 0.0000588 103.42 42.4064811 42.2581278 3.2120000 879.66 400.00 GMRT band3+5
59772.230324 9.025259 0.000808 227.69 58.4352782 58.4998845 7.6670000 879.66 400.00 GMRT band3+5
