58251.486285 9.028323 0.001268 0.47 15.6209278 15.8254806 13.7505000 449.95 100.00 GMRT band3
58266.426042 9.0246406 0.000977 0.31 14.7792413 9.6623473 15.5785000 449.95 100.00 GMRT band3
58284.419850 9.023666 0.001874 1.12 20.0265200 20.3727516 18.6790000 449.95 100.00 GMRT band3
58299.389641 9.025963 0.001093 0.79 6.1065290 5.6327783 10.2180000 449.95 100.00 GMRT band3
58315.334722 9.0250346 0.0010236 0.65 21.7620462 15.6150868 15.4085000 449.95 100.00 GMRT band3
58333.264236 9.023672 0.001080 0.33 13.7050380 13.6909104 19.7090000 449.95 100.00 GMRT band3
58347.264699 9.028695 0.004084 0.65 39.9046865 44.4341980 27.4055000 449.95 100.00 GMRT band3
58363.184259 9.025729 0.001167 0.24 10.0843344 10.1006895 22.0710000 449.95 100.00 GMRT band3
58378.140162 9.022384 0.001174 0.60 17.0618615 16.5898020 17.3725000 449.95 100.00 GMRT band3
58476.947859 9.023727 0.001521 1.34 11.0870137 11.1668495 9.1480000 449.95 100.00 GMRT band3
58504.833912 9.023727 0.001183 0.40 11.9456221 11.9121369 15.1050000 449.95 100.00 GMRT band3
58560.665972 9.023317 0.000800 0.05 7.3756640 7.2896483 31.5140000 449.95 100.00 GMRT band3
57690.986516 9.024526 0.000232 1.08 27.7480129 27.5118265 21.1990000 400.05 200.00 GMRT band3
57704.932581 9.024424 0.000144 0.94 17.0476252 15.8622608 12.8650000 400.05 200.00 GMRT band3
57720.080903 9.022541 0.000744 0.92 131.9895813 136.9522281 58.8265000 400.05 200.00 GMRT band3
57732.943692 9.024836 0.000372 1.15 92.4856679 91.8975958 41.6390000 400.05 200.00 GMRT band3
57745.955961 9.024417 0.000175 1.38 23.2630277 21.8776839 12.7200000 400.05 200.00 GMRT band3
57759.926100 9.024175 0.000295 1.00 37.9078350 35.9878960 30.1045000 400.05 200.00 GMRT band3
57773.882929 9.024479 0.000125 0.94 17.1022310 15.6925859 10.1880000 400.05 200.00 GMRT band3
57816.629688 9.024448 0.000217 1.37 30.8816445 30.5150676 18.6470000 400.05 200.00 GMRT band3
57829.641261 9.024521 0.000208 1.10 27.0245220 25.5968806 20.9125000 400.05 200.00 GMRT band3
57868.623669 9.024446 0.000155 0.91 22.9430349 68.5002298 14.0550000 400.05 200.00 GMRT band3
57885.679977 9.024148 0.000240 1.11 28.8902398 27.1465222 19.9610000 400.05 200.00 GMRT band3
57894.615567 9.024781 0.000128 1.26 15.4843089 15.0401627 9.6300000 400.05 200.00 GMRT band3
57908.393692 9.024238 0.000263 1.32 25.9476422 26.6967945 17.7740000 400.05 200.00 GMRT band3
57935.384896 9.024832 0.000633 2.93 142.9219099 142.9614807 44.9980000 400.05 200.00 GMRT band3
57949.340683 9.025796 0.000569 2.02 94.0252617 94.3838513 41.9330000 400.05 200.00 GMRT band3
57963.377604 9.024807 0.000390 1.18 35.6344234 36.4122564 22.8630000 400.05 200.00 GMRT band3
57978.369155 9.024513 0.000324 1.01 38.7827831 38.7556555 23.6140000 400.05 200.00 GMRT band3
57991.231076 9.024530 0.000308 1.19 38.5171155 37.9965366 28.9510000 400.05 200.00 GMRT band3
58005.162790 9.024749 0.000211 1.29 38.1065182 38.5608262 14.5800000 400.05 200.00 GMRT band3
58046.991840 9.024945 0.000167 0.95 22.1188937 21.8981623 15.8250000 400.05 200.00 GMRT band3
58054.962558 9.024517 0.000231 1.03 35.5270216 36.1565237 26.4845000 400.05 200.00 GMRT band3
58068.939178 9.024902 0.000523 1.16 90.5806837 92.3782949 46.9540000 400.05 200.00 GMRT band3
58082.951389 9.024375 0.000212 1.32 30.0916743 29.4652156 18.4590000 400.05 200.00 GMRT band3
58096.936169 9.024374 0.000460 1.50 49.7692151 48.8495614 33.1280000 400.05 200.00 GMRT band3
58110.821412 9.024688 0.000348 1.34 39.8519241 37.9751628 27.3240000 400.05 200.00 GMRT band3
58124.772627 9.024682 0.000159 0.92 19.3221483 18.3716927 14.3080000 400.05 200.00 GMRT band3
58138.796817 9.024556 0.000133 1.10 22.0811141 21.0115879 15.3690000 400.05 200.00 GMRT band3
58166.642940 9.024578 0.000169 1.30 42.7373971 43.2991351 17.0285000 400.05 200.00 GMRT band3
59343.552951 9.024819 0.000113 198.87 47.8787917 47.8487447 6.7810000 399.23 200.00 GMRT band3
59355.480614 9.024009 0.000615 97.14 33.3042641 34.4450221 4.9130000 399.23 200.00 GMRT band3
59376.372338 9.024818 0.000068 130.07 29.0261351 30.1684419 4.8290000 399.23 200.00 GMRT band3
59385.379109 9.024730 0.000503 45.24 39.0303998 38.8422533 5.8475000 399.23 200.00 GMRT band3
59397.371122 9.025504 0.000137 30016.70 829.4027028 960.0153006 15.7950000 399.23 200.00 GMRT band3
59406.334317 9.024660 0.000377 112.68 22.9962823 23.3391604 3.8630000 399.23 200.00 GMRT band3
59427.221354 9.025834 0.000427 108.67 22.9660503 22.9494147 3.0840000 399.22 200.00 GMRT band3
59435.264352 9.025208 0.000062 10.28 7.8843021 7.8032805 1.4670000 399.22 200.00 GMRT band3
59446.228761 9.025128 0.0000538 145.67 20.1312370 21.7273006 3.4400000 399.22 200.00 GMRT band3
59456.111632 9.025024 0.000475 137.57 64.2694786 64.2765232 7.1705000 399.22 200.00 GMRT band3
59475.112789 9.025798 0.000248 42.84 15.9989076 15.7163470 3.5480000 399.22 200.00 GMRT band3
59484.044734 9.025142 0.000046 3.44 6.0132956 5.9807145 1.9080000 399.22 200.00 GMRT band3
59492.160937 9.025156 0.0000918 160.98 34.3110535 33.7900361 5.5980000 399.22 200.00 GMRT band3
59516.025752 9.025305 0.000275 76.11 26.7439553 26.8375996 3.5095000 399.22 200.00 GMRT band3
59527.900116 9.025095 0.000003 0.23 0.3745462 0.3755440 0.7245000 399.22 200.00 GMRT band3
59538.945254 9.025058 0.000467 67.01 28.7081684 28.6926575 6.3375000 399.22 200.00 GMRT band3
59545.913773 9.025188 0.0000552 22.07 11.9204800 11.8864543 2.8760000 399.22 200.00 GMRT band3
59555.923669 9.025273 0.000074 73.91 16.2264546 16.0047207 3.6200000 399.22 200.00 GMRT band3
59565.757118 9.025458 0.000512 35.09 23.3760551 23.3251028 6.0250000 399.22 200.00 GMRT band3
59575.727720 9.025228 0.000084 8.11 7.3878683 7.3265698 2.6455000 399.22 200.00 GMRT band3
59587.698553 9.025163 0.0000920 91.41 34.3661192 33.9489244 10.7880000 399.22 200.00 GMRT band3
59596.681308 9.025043 0.000278 66.26 24.8574244 24.8579468 3.2805000 399.22 200.00 GMRT band3
59604.650115 9.025338 0.000107 9.35 9.2000968 9.0028808 2.7015000 399.22 200.00 GMRT band3
59615.639583 9.025784 0.001791 254.70 61.9518217 62.1438804 12.8960000 399.22 200.00 GMRT band3
59627.646007 9.0254326 0.000099197 110.39 29.8351292 32.6311090 3.4845000 399.22 200.00 GMRT band3
59646.554688 9.025109 0.0000544 11.87 9.5777348 9.5347400 2.9760000 399.22 200.00 GMRT band3
59656.518808 9.025363 0.000143 13.46 17.2631215 16.8370873 3.0850000 399.22 200.00 GMRT band3
59665.507581 9.02532097 0.0000588 106.76 43.3626024 43.2067932 3.1285000 399.22 200.00 GMRT band3
59741.386747 9.025202 0.0000773 313.39 47.9443644 47.8349248 3.7400000 399.22 200.00 GMRT band3
59772.230324 9.025445 0.000923 238.04 58.9900818 59.0348171 7.8830000 399.22 200.00 GMRT band3
59889.892303 9.024993 0.000119 14.60 12.9096658 13.1039986 2.6420000 399.22 200.00 GMRT band3
59908.912674 9.025066 0.000194 15.77 14.0515531 14.1644654 3.9390000 399.22 200.00 GMRT band3
59928.829514 9.025273 0.00002925 9.59 11.1970777 10.6491288 1.7640000 399.22 200.00 GMRT band3
59952.693518 9.025577 0.000152 11.42 9.4622620 8.8283700 2.5040000 399.22 200.00 GMRT band3
59970.637500 9.025238 0.000065 6.50 5.8766690 5.5679679 1.7730000 399.22 200.00 GMRT band3
59989.599942 9.025389 0.000087 9.85 8.1442526 7.5915381 2.5830000 399.22 200.00 GMRT band3
60012.618461 9.02528344 0.000152 120.39 89.5533172 88.8527499 12.9400000 399.22 200.00 GMRT band3
60029.498668 9.025579 0.000373 62.66 30.6048690 29.6751908 5.0850000 399.22 200.00 GMRT band3
60063.406424 9.026647 0.001475 510.18 76.2674274 74.5486456 10.5940000 399.22 200.00 GMRT band3
60083.374016 9.0256755 0.0000894 124.63 43.6948112 42.1610587 4.9330000 399.22 200.00 GMRT band3
60101.321759 9.025878 0.0001156 63.18 55.4182749 56.6263168 7.3015000 399.22 200.00 GMRT band3
60121.235475 9.026193 0.000629 234.51 37.7526180 38.8477316 4.0240000 399.22 200.00 GMRT band3
60139.192419 9.0256160 0.0000708 203.32 31.1265344 29.9250948 4.2700000 399.22 200.00 GMRT band3
60160.172164 9.02569005 0.0000762 132.56 35.3009773 35.2540359 5.1750000 399.22 200.00 GMRT band3
60178.150520 9.025575 0.000076 7.42 11.0535752 9.4749861 2.5890000 399.22 200.00 GMRT band3
60196.065741 9.02565346 0.0000744 109.92 40.1770694 40.5089610 3.0820000 399.22 200.00 GMRT band3
60245.045428 9.025552 0.000782 341.75 28.3815979 28.0445748 3.9430000 399.22 200.00 GMRT band3
60267.966088 9.025551 0.000073 8.82 7.7963453 6.5892762 1.9485000 399.22 200.00 GMRT band3
60285.949711 9.025154 0.000196 32.97 13.5995288 13.6418163 2.6980000 399.22 200.00 GMRT band3
60304.999305 9.025603 0.000839 160.89 29.8102313 29.2182184 5.0585000 399.22 200.00 GMRT band3
60326.847280 9.026094 0.000350 71.20 32.3739717 30.6254022 3.7725000 399.22 200.00 GMRT band3
60348.752026 9.025600 0.000122 18.15 12.4296964 11.0149783 2.3100000 399.22 200.00 GMRT band3
60367.692419 9.02585867 0.00012279 153.65 42.5328799 43.5391365 7.7980000 399.22 200.00 GMRT band3
