58251.507524 10.251257 0.001802 1.52 13.4871734 13.6029336 8.5505000 449.95 100.00 GMRT band3
58266.451448 10.249054 0.0006188 1.34 18.6748692 463.7551835 9.1970000 449.95 100.00 GMRT band3
58284.451736 10.240208 0.003910 0.98 22.9692035 21.1627038 23.7490000 449.95 100.00 GMRT band3
58333.314353 10.251632 0.001116 0.34 29.6709232 27.1245957 17.3080000 449.95 100.00 GMRT band3
58347.189410 10.247612 0.002928 2.27 25.7601287 25.6923907 21.9810000 449.95 100.00 GMRT band3
58378.163079 10.250295 0.001316 3.61 17.6816182 17.6377952 11.0800000 449.95 100.00 GMRT band3
58448.947454 10.248794 0.0002590 0.48 87.0745890 92.9398133 67.1345000 449.95 100.00 GMRT band3
58462.919966 10.243764 0.002188 1.59 11.2892459 11.3656901 10.2575000 449.95 100.00 GMRT band3
58476.880614 10.244467 0.002508 0.34 16.4276076 16.0812977 25.9850000 449.95 100.00 GMRT band3
58504.765972 10.252130 0.001617 0.20 15.1115954 15.3999037 18.5980000 449.95 100.00 GMRT band3
58517.795603 10.247488 0.002063 0.08 12.8003668 12.6764795 50.1475000 449.95 100.00 GMRT band3
58560.599827 10.251387 0.001962 0.85 30.7399789 31.2332827 17.0500000 449.95 100.00 GMRT band3
57691.006656 10.247369 0.000396 4.89 25.5648000 25.0775316 12.0970000 400.05 200.00 GMRT band3
57704.952837 10.248163 0.000243 2.31 12.7045421 12.7134396 7.4740000 400.05 200.00 GMRT band3
57720.107465 10.247751 0.000284 3.80 16.4701437 16.5417978 7.4555000 400.05 200.00 GMRT band3
57732.967189 10.247436 0.000357 2.08 21.5329977 21.6448599 11.2940000 400.05 200.00 GMRT band3
57745.977431 10.247381 0.000322 1.49 15.9307459 17.0413939 13.9570000 400.05 200.00 GMRT band3
57773.906771 10.247951 0.000361 1.36 15.0127324 17.4049010 13.3060000 400.05 200.00 GMRT band3
57816.650984 10.247008 0.000553 1.27 29.5780613 28.4281683 24.0560000 400.05 200.00 GMRT band3
57829.662674 10.248939 0.000345 1.54 12.9131527 12.7522329 11.8980000 400.05 200.00 GMRT band3
57868.645892 10.246508 0.000367 4.48 19.7981761 21.9910922 11.4740000 400.05 200.00 GMRT band3
57885.700175 10.248300 0.000267 4.57 12.5530317 12.5359746 6.1660000 400.05 200.00 GMRT band3
57894.636749 10.249100 0.000638 1.65 27.6187246 24.2461632 23.2000000 400.05 200.00 GMRT band3
57908.415568 10.248164 0.000374 2.42 19.4506260 19.4467194 10.3780000 400.05 200.00 GMRT band3
57935.408161 10.248344 0.000416 1.47 15.7230338 15.7868324 12.8660000 400.05 200.00 GMRT band3
57949.364584 10.248733 0.000769 0.49 32.4491099 32.4462934 47.2095000 400.05 200.00 GMRT band3
57978.391725 10.249522 0.000610 1.71 28.6892792 23.3642504 22.2470000 400.05 200.00 GMRT band3
58005.185244 10.248392 0.000561 4.45 37.7307485 35.8171407 14.7690000 400.05 200.00 GMRT band3
58047.014237 10.247720 0.000709 1.59 31.4784107 32.2880626 20.7955000 400.05 200.00 GMRT band3
58054.986227 10.248431 0.000421 2.49 18.3050135 18.5429869 13.6940000 400.05 200.00 GMRT band3
58068.961922 10.248098 0.000323 3.24 26.1003281 26.3358699 10.7630000 400.05 200.00 GMRT band3
58082.976911 10.247769 0.000464 1.26 27.7342877 27.3075804 21.4600000 400.05 200.00 GMRT band3
58096.961054 10.248437 0.000382 3.19 18.8419227 18.2707366 8.9825000 400.05 200.00 GMRT band3
58110.844040 10.248514 0.0003880 1.48 18.5079249 756.6772832 13.2020000 400.05 200.00 GMRT band3
58124.794966 10.248518 0.000420 2.78 17.1877782 18.1814037 11.2820000 400.05 200.00 GMRT band3
58138.818692 10.248721 0.000784 2.52 30.8996264 30.9166775 21.0215000 400.05 200.00 GMRT band3
58152.788658 10.247891 0.000414 5.84 22.8001955 22.3865485 8.7000000 400.05 200.00 GMRT band3
58166.665973 10.248251 0.000374 1.86 16.0538346 16.1122020 12.3110000 400.05 200.00 GMRT band3
59343.516145 10.248855 0.000278 4.41 11.0008538 10.9328141 6.2605000 399.23 200.00 GMRT band3
59355.465509 10.247436 0.000437 2.74 23.7451248 25.2212624 10.8130000 399.23 200.00 GMRT band3
59385.346122 10.248393 0.000316 3.63 8.9472372 8.5145393 5.9085000 399.23 200.00 GMRT band3
59397.341319 10.248932 0.000425 5.95 10.4271569 11.9547807 6.4690000 399.23 200.00 GMRT band3
59406.302951 10.247479 0.000318 3.01 17.7100264 19.2082263 8.8900000 399.23 200.00 GMRT band3
59427.254744 10.248219 0.000319 11.12 13.3284743 13.3328843 4.0975000 399.22 200.00 GMRT band3
59435.243460 10.248832 0.000192 7.58 8.7233094 8.2666515 2.9165000 399.22 200.00 GMRT band3
59446.198900 10.249717 0.000251 6.59 18.2437758 12.6255499 4.7225000 399.22 200.00 GMRT band3
59475.082118 10.248951 0.000222 5.76 9.5886884 7.9300683 3.3050000 399.22 200.00 GMRT band3
59484.014408 10.248275 0.000239 10.93 9.9271201 9.8892821 2.5570000 399.22 200.00 GMRT band3
59492.056538 10.247448 0.000233 4.50 11.5904135 12.5138609 4.5170000 399.22 200.00 GMRT band3
59516.055265 10.247927 0.000336 4.75 24.1194399 478.4315814 6.8230000 399.22 200.00 GMRT band3
59527.926851 10.248826 0.000196 4.57 11.6396010 9.8696571 3.6705000 399.22 200.00 GMRT band3
59538.973668 10.248061 0.000261 2.52 16.4243001 15.8572304 7.3050000 399.22 200.00 GMRT band3
59545.942244 10.248465 0.000409 3.96 10.4912922 10.3092921 6.7560000 399.22 200.00 GMRT band3
59555.953414 10.248144 0.000238 5.75 9.6635295 9.7134409 4.6445000 399.22 200.00 GMRT band3
59565.794385 10.248421 0.000174 3.44 14.2285890 14.0067541 6.5250000 399.22 200.00 GMRT band3
59575.758969 10.248489 0.000177 4.07 11.1719813 12.0137648 5.4080000 399.22 200.00 GMRT band3
59587.724420 10.248062 0.000239 2.35 15.2170870 14.9056213 7.9780000 399.22 200.00 GMRT band3
59596.725520 10.248069 0.000304 6.85 10.9732042 10.9362645 5.1350000 399.22 200.00 GMRT band3
59604.679918 10.248388 0.000198 4.80 11.9039143 11.8642472 4.5615000 399.22 200.00 GMRT band3
59615.666029 10.248169 0.000198 15.92 11.2097192 11.3238974 2.7680000 399.22 200.00 GMRT band3
59627.673032 10.247967 0.000280 9.57 7.7259407 8.5760491 3.4245000 399.22 200.00 GMRT band3
59635.607812 10.247982 0.000523 1.76 36.2974235 36.1820364 17.6415000 399.22 200.00 GMRT band3
59646.583969 10.247887 0.000203 5.28 7.6708786 8.0163835 3.3710000 399.22 200.00 GMRT band3
59656.545197 10.248304 0.000254 12.58 11.1064457 10.7443845 2.9045000 399.22 200.00 GMRT band3
59692.468228 10.248210 0.000015 0.16 0.7799909 0.7830803 1.8610000 399.22 200.00 GMRT band3
59701.464293 10.248504 0.000134 1.56 5.1713257 4.9108584 4.0490000 399.22 200.00 GMRT band3
59713.451909 10.248768 0.000268 8.18 12.8002367 13.4054644 3.9810000 399.22 200.00 GMRT band3
59719.364004 10.248131 0.000113 0.93 7.4100828 7.6275824 7.6230000 399.22 200.00 GMRT band3
59730.413599 10.247354 0.000157 5.24 13.0319552 13.1290657 4.3190000 399.22 200.00 GMRT band3
59741.369038 10.248123 0.000235 8.54 9.8997734 9.7217482 4.0620000 399.22 200.00 GMRT band3
59749.312674 10.247180 0.000355 3.71 14.3693692 11.1126132 7.5420000 399.22 200.00 GMRT band3
59761.304918 10.249149 0.000471 3.65 22.8134848 24.3365133 8.1440000 399.22 200.00 GMRT band3
59772.257002 10.248807 0.000638 2.31 45.6699335 48.7655432 23.8390000 399.22 200.00 GMRT band3
59782.282059 10.248202 0.000508 2.09 25.6432627 26.4239653 22.3660000 399.22 200.00 GMRT band3
59789.254340 10.248739 0.000385 4.56 17.8907569 16.3134119 6.7110000 399.22 200.00 GMRT band3
59800.227141 10.251515 0.000323 2.24 36.9916454 32.2271456 10.6250000 399.22 200.00 GMRT band3
59829.123669 10.247886 0.000310 6.32 13.5280483 13.9599230 5.6750000 399.22 200.00 GMRT band3
59880.967303 10.248221 0.000173 4.35 9.4573712 9.4024069 4.3635000 399.22 200.00 GMRT band3
59889.932754 10.248366 0.000196 41.29 8.7925218 8.5549181 1.5180000 399.22 200.00 GMRT band3
59898.922395 10.248258 0.000178 14.13 11.6321169 11.5412227 2.7110000 399.22 200.00 GMRT band3
59908.871874 10.248344 0.000202 66.67 11.9309649 11.6731454 1.2890000 399.22 200.00 GMRT band3
59918.867650 10.248511 0.000197 10.34 10.5046938 10.5249652 2.8170000 399.22 200.00 GMRT band3
59928.873089 10.248445 0.000160 9.68 11.0426043 10.4186764 2.9020000 399.22 200.00 GMRT band3
59939.764872 10.248134 0.000206 2.37 11.1060954 11.1118880 6.5760000 399.22 200.00 GMRT band3
59952.731539 10.248174 0.000305 0.86 32.7015795 32.8795610 14.6860000 399.22 200.00 GMRT band3
59959.729860 10.247986 0.000229 2.46 15.7078290 16.5618937 7.9750000 399.22 200.00 GMRT band3
59970.677257 10.249241 0.000458 1.15 21.2586507 19.1365400 20.1135000 399.22 200.00 GMRT band3
59989.633275 10.247522 0.000266 0.59 16.1331708 15.8845479 11.2050000 399.22 200.00 GMRT band3
60002.668981 10.248268 0.000205 13.96 10.1509381 10.1055560 3.0430000 399.22 200.00 GMRT band3
60012.664409 10.248329 0.000318 2.84 21.8280305 21.8653048 8.7990000 399.22 200.00 GMRT band3
60021.557696 10.248510 0.000199 5.34 8.3077493 8.3522759 4.3905000 399.22 200.00 GMRT band3
60029.541492 10.247431 0.000272 4.36 11.1436937 11.3066393 6.0550000 399.22 200.00 GMRT band3
60055.498842 10.248220 0.000165 5.30 13.5248555 13.6988968 2.8380000 399.22 200.00 GMRT band3
60063.445080 10.248673 0.000193 12.59 9.7389208 9.2872600 2.5780000 399.22 200.00 GMRT band3
60073.497221 10.248084 0.000209 3.43 9.5615619 9.4609406 5.2920000 399.22 200.00 GMRT band3
60083.421007 10.247885 0.000190 5.26 9.9753118 10.1407124 5.0990000 399.22 200.00 GMRT band3
60092.387095 10.248079 0.000116 15.63 8.4431949 9.0111832 1.8490000 399.22 200.00 GMRT band3
60101.370197 10.248539 0.000142 4.52 7.8874194 8.1922708 2.6190000 399.22 200.00 GMRT band3
60115.347337 10.248290 0.000224 8.17 5.5023320 5.5160145 3.7525000 399.22 200.00 GMRT band3
60121.277604 10.248639 0.000234 3.32 11.3445476 10.2215247 4.2865000 399.22 200.00 GMRT band3
60132.296585 10.247198 0.000367 1.55 12.2744377 12.9036821 8.6480000 399.22 200.00 GMRT band3
60139.230844 10.247658 0.000462 58.28 11.2866136 11.8237139 2.4810000 399.22 200.00 GMRT band3
60149.269270 10.248334 0.000158 3.57 7.2175296 7.6719849 2.8630000 399.22 200.00 GMRT band3
60160.207927 10.248140 0.000231 3.06 10.8284817 11.0175989 5.6880000 399.22 200.00 GMRT band3
60178.132580 10.249715 0.000429 6.85 28.0768139 19.9159537 7.6050000 399.22 200.00 GMRT band3
60191.124363 10.248116 0.000231 6.75 14.1083520 13.8614872 5.7290000 399.22 200.00 GMRT band3
60196.087904 10.249055 0.000225 28.57 12.6386574 9.8259723 1.7555000 399.22 200.00 GMRT band3
60245.089757 10.248448 0.000325 12.51 10.2274500 10.2753466 4.0540000 399.22 200.00 GMRT band3
60254.943576 10.247811 0.000100 2.71 7.7078130 7.0744939 4.4130000 399.22 200.00 GMRT band3
60268.036978 10.249013 0.000164 10.71 14.6645111 15.3376094 3.2115000 399.22 200.00 GMRT band3
60274.937383 10.250113 0.000590 1.97 32.4298810 30.7066724 14.6465000 399.22 200.00 GMRT band3
60285.990566 10.248480 0.000212 5.85 11.1362502 11.1012987 4.1480000 399.22 200.00 GMRT band3
60296.821295 10.248659 0.000230 2.10 11.8951754 10.5248615 6.6435000 399.22 200.00 GMRT band3
60304.944154 10.248405 0.000233 5.40 7.4892671 7.4006078 4.6050000 399.22 200.00 GMRT band3
60316.781770 10.248055 0.000183 4.84 9.3898471 9.6441212 5.1290000 399.22 200.00 GMRT band3
60326.871700 10.248452 0.000128 9.23 5.3862805 5.4454470 2.0820000 399.22 200.00 GMRT band3
60348.772858 10.248073 0.000341 11.23 16.0979668 16.2643517 6.3710000 399.22 200.00 GMRT band3
60377.607927 10.249996 0.000493 6.81 22.9044434 29.7676075 9.1020000 399.22 200.00 GMRT band3
60393.620659 10.248694 0.000173 0.81 10.5653755 9.9629650 7.4700000 399.22 200.00 GMRT band3
60395.591145 10.248339 0.000139 2.05 9.4771680 9.2013340 4.6705000 399.22 200.00 GMRT band3
60398.559143 10.247965 0.000197 2.26 12.9936216 13.9072149 4.6610000 399.22 200.00 GMRT band3
60399.560879 10.248136 0.000221 3.73 12.4284756 12.4262050 7.5150000 399.22 200.00 GMRT band3
