58347.211979 6.491354 0.000812 0.48 21.5705654 28.4104655 27.8370000 929.95 200.00 GMRT band3+5
58363.239988 6.495819 0.002008 1.02 79.1944150 41.2908375 45.9610000 929.95 200.00 GMRT band3+5
58462.947859 6.489819 0.001874 1.89 46.6542487 47.8055969 30.6785000 929.95 200.00 GMRT band3+5
58476.902026 6.492235 0.000373 0.08 22.5022372 11.7955681 38.9680000 929.95 200.00 GMRT band3+5
58504.787095 6.489389 0.004478 2.48 185.8069904 196.2562134 90.4235000 929.95 200.00 GMRT band3+5
58517.813426 6.498814 0.021270 36.43 1441.4901990 1399.6077158 62.6085000 929.95 200.00 GMRT band3+5
57704.971818 6.491253 0.000122 0.02 13.7282345 4.4607691 36.9560000 880.05 400.00 GMRT band3+5
57720.126563 6.489837 0.000300 0.24 28.8810973 31.2324090 23.6005000 880.05 400.00 GMRT band3+5
57732.982118 6.490615 0.000462 0.26 237.8800406 237.7785201 36.3080000 880.05 400.00 GMRT band3+5
57773.926563 6.489862 0.000699 0.73 43.7524632 39.6470616 29.8780000 880.05 400.00 GMRT band3+5
57868.664179 6.490253 0.000250 0.33 4.9059521 5.0141219 14.2045000 880.05 400.00 GMRT band3+5
57894.655035 6.491669 0.000581 0.24 34.1191722 29.9671334 38.8680000 880.05 400.00 GMRT band3+5
57908.435012 6.490537 0.000522 0.78 12.1369919 12.3769752 16.3130000 880.05 400.00 GMRT band3+5
57935.428067 6.491352 0.000998 1.24 23.7947458 20.6902039 30.0420000 880.05 400.00 GMRT band3+5
57949.382929 6.493392 0.001310 1.65 67.2220429 52.8620473 46.9000000 880.05 400.00 GMRT band3+5
57963.420197 6.489635 0.003964 5.17 349.6873373 348.0450070 51.9505000 880.05 400.00 GMRT band3+5
57991.275174 6.491718 0.002008 2.94 93.1632518 93.6487670 43.4870000 880.05 400.00 GMRT band3+5
58005.225637 6.490070 0.001603 4.47 140.7688563 144.5664091 57.2070000 880.05 400.00 GMRT band3+5
58068.979515 6.491548 0.000264 0.08 19.4310842 17.0219395 33.3210000 880.00 400.00 GMRT band3+5
58110.865162 6.492113 0.001019 1.41 30.7786056 28.7290646 34.6620000 880.00 400.00 GMRT band3+5
