58378.184549 6.495545 0.018241 1.12 31.5973298 62.3025282 44.4880000 449.95 100.00 GMRT band3
58476.902026 6.491887 0.000553 0.01 1.7765616 3.4291953 16.2770000 449.95 100.00 GMRT band3
57691.026215 6.490209 0.002986 1.52 23.9264248 25.9854111 33.7185000 400.05 200.00 GMRT band3
57704.971818 6.491072 0.000063 0.00 3.2090948 2.1514362 16.3380000 400.05 200.00 GMRT band3
57732.982118 6.491684 0.000037 0.00 13.1043134 12.9253394 21.6310000 400.05 200.00 GMRT band3
57773.926563 6.489714 0.001024 0.80 28.8184330 32.9489100 22.1680000 400.05 200.00 GMRT band3
57816.670428 6.488190 0.001039 0.74 25.9684875 16.4790063 14.4470000 400.05 200.00 GMRT band3
57829.682118 6.491274 0.000790 0.26 19.3282062 13.9665096 33.3675000 400.05 200.00 GMRT band3
57885.717882 6.491475 0.001269 0.84 54.7715448 49.4073717 34.7695000 400.05 200.00 GMRT band3
57894.655035 6.493696 0.001153 0.10 42.3806408 33.2612287 66.6570000 400.05 200.00 GMRT band3
57935.428067 6.487605 0.000811 0.14 24.3055827 30.6935208 19.6870000 400.05 200.00 GMRT band3
57949.382929 6.489464 0.000824 0.06 14.5800742 39.7555041 48.6615000 400.05 200.00 GMRT band3
57963.420197 6.485751 0.015021 6.70 395.1754042 387.2249314 71.0560000 400.05 200.00 GMRT band3
57991.275174 6.484756 0.010197 7.65 128.0277714 127.2816313 49.3620000 400.05 200.00 GMRT band3
58005.225637 6.487781 0.006208 10.13 137.4956952 135.7101937 47.1290000 400.05 200.00 GMRT band3
58047.034664 6.490785 0.000092 0.29 1.0909125 1.0405084 2.2820000 400.05 200.00 GMRT band3
58068.979515 6.492990 0.000068 0.00 27.5241694 16.8118266 33.3210000 400.05 200.00 GMRT band3
58096.982465 6.491383 0.001268 0.59 81.6069114 84.0297686 111.1790000 400.05 200.00 GMRT band3
58110.865162 6.489218 0.000487 0.04 14.0051314 29.6336938 36.8070000 400.05 200.00 GMRT band3
58152.810243 6.490332 0.000568 0.26 12.2770182 11.7147200 14.6340000 400.05 200.00 GMRT band3
