58251.507524 10.248070 0.000697 1.77 16.3460887 16.2795531 12.6465000 929.95 200.00 GMRT band3+5
58266.451448 10.249054 0.0006188 662.45 3693.5671065 2638.9970339 10.4690000 929.95 200.00 GMRT band3+5
58284.451736 10.246750 0.000920 0.98 19.6747844 21.4692673 24.8540000 929.95 200.00 GMRT band3+5
58333.314353 10.251843 0.000587 0.45 37.8167708 27.1846570 22.9770000 929.95 200.00 GMRT band3+5
58347.189410 10.248099 0.001136 2.02 24.9938806 25.0141739 22.7740000 929.95 200.00 GMRT band3+5
58378.163079 10.248700 0.000700 3.40 15.3391745 16.0941882 11.2750000 929.95 200.00 GMRT band3+5
58448.947454 10.248794 0.0002590 0.41 1919.6139214 1923.6205141 91.7815000 929.95 200.00 GMRT band3+5
58462.919966 10.248278 0.000542 2.19 17.3875510 17.4744201 12.7380000 929.95 200.00 GMRT band3+5
58476.880614 10.246046 0.000748 0.34 27.5779552 16.9944824 28.3530000 929.95 200.00 GMRT band3+5
58504.765972 10.248089 0.000312 0.27 13.6028983 13.5735926 18.5895000 929.95 200.00 GMRT band3+5
58517.795603 10.248113 0.000492 0.17 13.2389880 13.1402031 40.9100000 929.95 200.00 GMRT band3+5
58560.599827 10.248654 0.000617 1.07 29.8258572 30.5516301 22.1250000 929.95 200.00 GMRT band3+5
57704.952837 10.248224 0.000222 2.04 43.2103006 43.2056085 8.9510000 880.05 400.00 GMRT band3+5
57720.107465 10.247997 0.000204 3.35 18.6309930 17.7290005 8.1150000 880.05 400.00 GMRT band3+5
57732.967189 10.247518 0.000310 1.74 39.4398271 43.7645237 13.3410000 880.05 400.00 GMRT band3+5
57745.977431 10.248614 0.000249 2.48 20.5607179 18.5747791 14.3085000 880.05 400.00 GMRT band3+5
57773.906771 10.248820 0.000202 1.53 16.7254021 16.3409815 10.1480000 880.05 400.00 GMRT band3+5
57816.650984 10.247192 0.000470 1.14 26.5021995 28.2814320 24.5410000 880.05 400.00 GMRT band3+5
57868.645892 10.246998 0.000326 4.72 28.6467638 31.5444782 12.9660000 880.05 400.00 GMRT band3+5
57885.700175 10.248264 0.000218 3.61 11.2036905 11.3567336 6.7290000 880.05 400.00 GMRT band3+5
57894.636749 10.248984 0.000371 1.41 26.8800509 24.2952599 24.7940000 880.05 400.00 GMRT band3+5
57908.415568 10.248230 0.000353 2.24 601.4272456 601.4904690 10.8500000 880.05 400.00 GMRT band3+5
57935.408161 10.248482 0.000356 1.22 39.8286018 39.0197528 15.3900000 880.05 400.00 GMRT band3+5
57949.364584 10.248658 0.000207 0.39 31.4425030 31.1993192 37.7100000 880.05 400.00 GMRT band3+5
57978.391725 10.249165 0.000230 1.65 27.6728368 23.1616054 20.0130000 880.05 400.00 GMRT band3+5
58005.185244 10.248691 0.000222 3.63 35.0730989 33.0535511 12.0685000 880.05 400.00 GMRT band3+5
58068.961922 10.248105 0.000183 2.59 23.5906881 23.9612990 10.3895000 880.00 400.00 GMRT band3+5
58110.844040 10.248514 0.0003880 5503.54 1616.6090868 830.7993038 13.8360000 880.00 400.00 GMRT band3+5
58124.794966 10.248626 0.000276 2.35 16.2790787 16.4385203 12.2130000 880.00 400.00 GMRT band3+5
58138.818692 10.248209 0.000312 2.11 29.1119555 29.1172816 17.2900000 880.00 400.00 GMRT band3+5
58152.788658 10.248025 0.000285 4.77 20.5454942 20.1143194 9.9150000 880.00 400.00 GMRT band3+5
59343.516145 10.248788 0.000238 3.71 11.1324297 11.4554624 6.8880000 879.67 400.00 GMRT band3+5
59355.465509 10.247524 0.000329 2.41 23.5243001 23.7231781 12.0220000 879.67 400.00 GMRT band3+5
59385.346122 10.248421 0.000379 5.27 502.6948644 502.4479970 6.1620000 879.67 400.00 GMRT band3+5
59397.341319 10.248673 0.000315 4.72 13.4720964 16.3846369 7.9120000 879.67 400.00 GMRT band3+5
59406.302951 10.247696 0.000241 2.56 15.6838777 19.3847946 10.7960000 879.67 400.00 GMRT band3+5
59427.254744 10.248218 0.000289 9.22 27.7206667 27.7334004 4.9490000 879.66 400.00 GMRT band3+5
59446.198900 10.249741 0.000225 5.55 33.9784613 24.7341602 5.6350000 879.66 400.00 GMRT band3+5
59475.082118 10.248788 0.000180 5.20 9.6536474 8.3531682 3.5500000 879.66 400.00 GMRT band3+5
59484.014408 10.248285 0.000217 9.10 47.5387965 47.6533454 3.7560000 879.66 400.00 GMRT band3+5
59492.056538 10.247475 0.000207 3.69 36.0061821 33.1507158 5.3490000 879.66 400.00 GMRT band3+5
59516.055265 10.247927 0.0003365 10995.60 1082.6037398 582.9852655 7.2885000 879.66 400.00 GMRT band3+5
59527.926851 10.248717 0.000176 4.12 19.6591084 23.4019258 4.2820000 879.66 400.00 GMRT band3+5
59538.973668 10.247957 0.000237 2.26 23.7297472 21.1564177 9.7110000 879.66 400.00 GMRT band3+5
59545.942244 10.248417 0.000255 3.19 9.9290251 10.0218547 8.9150000 879.66 400.00 GMRT band3+5
59555.953414 10.248155 0.000207 4.57 36.0424122 36.5149630 5.2400000 879.66 400.00 GMRT band3+5
59565.794385 10.248389 0.000155 2.90 19.2560228 18.3010667 7.5230000 879.66 400.00 GMRT band3+5
59575.758969 10.248479 0.000159 3.44 45.1600145 46.7247158 6.4345000 879.66 400.00 GMRT band3+5
59587.724420 10.248108 0.000224 2.24 63.5828896 64.6376944 8.1780000 879.66 400.00 GMRT band3+5
59596.725520 10.248326 0.000203 5.97 12.8436484 12.1462937 5.3170000 879.66 400.00 GMRT band3+5
59604.679918 10.248293 0.000169 4.28 17.7063106 18.1892059 5.0290000 879.66 400.00 GMRT band3+5
59615.666029 10.248157 0.000158 12.27 13.2384638 13.0547831 3.3625000 879.66 400.00 GMRT band3+5
59627.673032 10.248000 0.000245 7.90 22.7545591 23.9762367 5.0030000 879.66 400.00 GMRT band3+5
59635.607812 10.248027 0.000461 1.47 39.7739161 40.0716266 21.1270000 879.66 400.00 GMRT band3+5
59646.583969 10.247994 0.000146 4.41 9.4700899 9.3305410 5.5290000 879.66 400.00 GMRT band3+5
59656.545197 10.248365 0.000198 9.93 10.9223362 11.0514721 3.4510000 879.66 400.00 GMRT band3+5
59692.468228 10.248223 0.000017 0.24 2.5739410 2.5627203 3.1770000 879.66 400.00 GMRT band3+5
59719.364004 10.248110 0.000107 0.88 19.4708142 19.6321505 8.3765000 879.66 400.00 GMRT band3+5
59730.413599 10.247386 0.000142 4.46 12.4883406 20.3240155 6.2020000 879.66 400.00 GMRT band3+5
59749.312674 10.247380 0.000296 3.15 18.0244215 24.4187244 9.1160000 879.66 400.00 GMRT band3+5
59761.304918 10.248989 0.000388 3.19 37.8788882 31.0150403 12.0190000 879.66 400.00 GMRT band3+5
59772.257002 10.248998 0.000223 2.16 43.7714759 46.7942775 15.6300000 879.66 400.00 GMRT band3+5
59782.282059 10.248426 0.000221 1.73 23.5844877 24.2592680 15.7850000 879.66 400.00 GMRT band3+5
59789.254340 10.248692 0.000271 3.55 16.6510384 14.5427307 10.2190000 879.66 400.00 GMRT band3+5
59800.227141 10.249673 0.000268 5.43 33.8709095 32.5780421 10.1995000 879.66 400.00 GMRT band3+5
59829.123669 10.247905 0.000255 4.88 14.1709017 14.0265817 8.0600000 879.66 400.00 GMRT band3+5
59880.967303 10.248172 0.000145 3.47 16.0970546 15.7893163 5.5615000 879.66 400.00 GMRT band3+5
59898.922395 10.248304 0.000147 11.34 10.4047516 9.9610267 3.2765000 879.66 400.00 GMRT band3+5
59918.867650 10.248504 0.000175 8.31 17.7852445 17.3755755 3.1770000 879.66 400.00 GMRT band3+5
59939.764872 10.248163 0.000183 2.00 12.2441743 12.5862191 6.7790000 879.66 400.00 GMRT band3+5
60021.557696 10.248515 0.000183 4.57 78.1756123 78.4023313 5.8720000 879.66 400.00 GMRT band3+5
60055.498842 10.248342 0.000136 4.66 12.8720995 12.3395211 4.1930000 879.66 400.00 GMRT band3+5
60073.497221 10.248086 0.000190 2.87 54.8580370 55.0500141 5.8530000 879.66 400.00 GMRT band3+5
60092.387095 10.248080 0.000108 13.56 27.9643179 27.9345080 2.0090000 879.66 400.00 GMRT band3+5
60115.347337 10.248265 0.000187 6.15 8.9739146 9.3060607 6.2880000 879.66 400.00 GMRT band3+5
60132.296585 10.248507 0.000243 2.46 21.9479673 21.3263733 12.4140000 879.66 400.00 GMRT band3+5
60149.269270 10.248427 0.000117 2.99 8.7613492 8.0227669 3.8695000 879.66 400.00 GMRT band3+5
60191.124363 10.248262 0.000197 5.79 18.3831995 18.0451024 9.7340000 879.66 400.00 GMRT band3+5
60254.943576 10.247826 0.000089 2.33 17.3053474 16.6475758 5.4420000 879.66 400.00 GMRT band3+5
60274.937383 10.249101 0.000362 2.08 30.4076752 29.4892880 16.0080000 879.66 400.00 GMRT band3+5
60296.821295 10.248704 0.000198 1.86 17.0354658 13.4812990 8.5115000 879.66 400.00 GMRT band3+5
60316.781770 10.248099 0.000129 3.86 8.7007316 9.0396019 6.1780000 879.66 400.00 GMRT band3+5
60393.620659 10.248429 0.000106 0.81 10.1250859 9.2282693 7.4700000 879.66 400.00 GMRT band3+5
60398.559143 10.247972 0.000175 1.80 61.8238214 61.6915782 6.0150000 879.66 400.00 GMRT band3+5
60399.560879 10.248119 0.000197 3.28 17.3681940 17.5924658 8.8390000 879.66 400.00 GMRT band3+5
