59741.407349 11.224867 0.000371 5.42 46.5791825 5.3447420 2.7650000 399.22 200.00 GMRT band3
59889.910185 11.219931 0.000156 13.90 6.9618923 3.9383833 1.1075000 399.22 200.00 GMRT band3
59908.930729 11.219984 0.000071 1.60 7.2434953 2.2162803 1.4600000 399.22 200.00 GMRT band3
59928.849768 11.220030 0.000117 2.88 7.4426123 2.8411011 1.6200000 399.22 200.00 GMRT band3
59952.710301 11.219797 0.000266 9.60 14.1176881 9.6711342 1.8670000 399.22 200.00 GMRT band3
59970.658044 11.220052 0.000175 6.71 6.5948285 3.2599081 1.4510000 399.22 200.00 GMRT band3
59989.613947 11.220021 0.000132 1.64 8.0283054 3.9582583 2.6670000 399.22 200.00 GMRT band3
60029.519850 11.219765 0.000461 0.15 10.8242206 8.6558459 20.9755000 399.22 200.00 GMRT band3
60063.423553 11.220157 0.000120 4.42 5.9314606 2.4137343 1.2735000 399.22 200.00 GMRT band3
60083.391030 11.220247 0.000036 0.25 4.1431465 1.0976016 1.4665000 399.22 200.00 GMRT band3
60121.252257 11.220183 0.000098 1.75 4.8163266 2.7847239 1.5765000 399.22 200.00 GMRT band3
60139.209317 11.220234 0.000078 2.37 5.0573180 2.1823477 1.1925000 399.22 200.00 GMRT band3
60160.188484 11.220501 0.000080 0.45 2.1686527 1.1554901 2.3640000 399.22 200.00 GMRT band3
60178.168055 11.220272 0.000047 0.40 5.7096665 1.8544789 1.3010000 399.22 200.00 GMRT band3
60196.129224 11.220659 0.000090 0.63 1.3357474 1.2607762 2.2070000 399.22 200.00 GMRT band3
60245.063021 11.220586 0.000133 7.48 2.1175163 2.0559021 0.9135000 399.22 200.00 GMRT band3
60268.014178 11.220546 0.000080 2.66 1.9326793 1.4322179 1.1400000 399.22 200.00 GMRT band3
60285.966956 11.220484 0.000133 3.76 3.9124477 4.5545450 1.5870000 399.22 200.00 GMRT band3
60305.012847 11.220647 0.000072 0.58 2.2064137 2.0465705 2.0280000 399.22 200.00 GMRT band3
60326.919329 11.220691 0.000025 0.27 0.5004975 0.4820999 1.0500000 399.22 200.00 GMRT band3
60348.829919 11.220663 0.000011 0.09 0.2505445 0.2769829 0.7350000 399.22 200.00 GMRT band3
60367.762211 11.220947 0.000061 0.16 2.9123437 1.1420121 3.3395000 399.22 200.00 GMRT band3
60386.682002 11.221257 0.000149 0.05 4.6775404 2.5266864 13.0540000 399.22 200.00 GMRT band3
