58276.662037 13.566904 0.002351 0.13 12.2625448 8.3047936 29.1685000 449.95 100.00 GMRT band3
58389.276853 13.562613 0.005211 0.31 40.9538818 38.4160567 62.8710000 449.95 100.00 GMRT band3
58524.009896 13.567332 0.000630 0.01 7.6005805 1.9579179 23.9540000 449.95 100.00 GMRT band3
58551.893518 13.568205 0.002250 0.26 11.2731664 10.6524715 24.4365000 449.95 100.00 GMRT band3
58566.817650 13.565758 0.001254 0.03 9.6264582 80.1739726 28.4030000 449.95 100.00 GMRT band3
57684.379977 13.569323 0.000396 0.19 10.5606289 9.9388672 21.4840000 400.05 200.00 GMRT band3
57698.313484 13.569254 0.000227 0.07 5.0623578 5.3708352 21.3535000 400.05 200.00 GMRT band3
57711.267304 13.568338 0.000449 0.15 12.5314400 9.7716067 28.5895000 400.05 200.00 GMRT band3
57740.277951 13.570880 0.000983 0.49 19.9304876 19.9389951 32.8280000 400.05 200.00 GMRT band3
57754.179224 13.570724 0.000486 0.37 19.0533536 11.9850590 20.0590000 400.05 200.00 GMRT band3
57768.205498 13.568759 0.000102 0.01 4.2585926 1.8889200 21.0035000 400.05 200.00 GMRT band3
57782.108160 13.569851 0.000664 0.56 27.2279920 25.5651476 22.4860000 400.05 200.00 GMRT band3
57795.947397 13.568728 0.000140 0.03 5.7598000 5.3043646 19.8290000 400.05 200.00 GMRT band3
57809.890683 13.569915 0.000186 0.04 9.2667994 4.1193884 16.1840000 400.05 200.00 GMRT band3
57823.919502 13.570606 0.000219 0.01 15.3997010 18.0886992 31.6335000 400.05 200.00 GMRT band3
57837.885591 13.570117 0.000364 0.12 16.1890942 11.6603408 18.1030000 400.05 200.00 GMRT band3
57872.915104 13.569083 0.000828 0.65 21.1131205 21.1380064 28.0125000 400.05 200.00 GMRT band3
57885.763368 13.569487 0.000286 0.13 6.0642802 7.0805181 16.2180000 400.05 200.00 GMRT band3
57894.673438 13.571252 0.001502 1.22 36.7445851 31.9980603 25.5630000 400.05 200.00 GMRT band3
57897.874016 13.569318 0.000242 0.24 12.1411216 26.8814350 16.8250000 400.05 200.00 GMRT band3
57911.820660 13.570067 0.000178 0.04 7.4804137 2.6549610 18.3325000 400.05 200.00 GMRT band3
57928.639989 13.568636 0.000314 0.09 7.6609481 7.3903023 24.7520000 400.05 200.00 GMRT band3
57956.643345 13.569381 0.000218 0.31 13.6556688 22.1741888 19.1195000 400.05 200.00 GMRT band3
57963.437905 13.568421 0.000841 0.57 19.8786532 21.0072674 25.7705000 400.05 200.00 GMRT band3
57970.596933 13.569528 0.000305 0.11 9.0197310 9.5316814 18.6300000 400.05 200.00 GMRT band3
57978.430035 13.569822 0.000479 0.27 10.9266984 10.7482785 18.8370000 400.05 200.00 GMRT band3
57997.559549 13.569012 0.000343 0.09 4.6732218 4.9231189 22.7550000 400.05 200.00 GMRT band3
58012.447107 13.569533 0.000356 0.12 8.2476396 8.9052951 20.2790000 400.05 200.00 GMRT band3
58048.331077 13.570348 0.000332 0.13 12.7256807 10.2950545 18.3520000 400.05 200.00 GMRT band3
58076.273958 13.568630 0.000557 0.22 11.9267283 12.7703371 26.0400000 400.05 200.00 GMRT band3
58090.268635 13.570086 0.000639 0.28 22.2266156 17.3884266 27.2190000 400.05 200.00 GMRT band3
58105.197339 13.569755 0.000565 0.24 13.8243849 11.4507520 21.8650000 400.05 200.00 GMRT band3
58118.141320 13.569939 0.000676 0.41 25.0427037 21.3624567 25.7935000 400.05 200.00 GMRT band3
58133.081366 13.568885 0.000328 0.19 8.1726458 9.1507971 22.6405000 400.05 200.00 GMRT band3
58147.088426 13.570247 0.000302 0.11 17.5489453 8.6835934 16.6460000 400.05 200.00 GMRT band3
58159.998959 13.569683 0.000362 0.17 9.9874271 7.9241355 20.5350000 400.05 200.00 GMRT band3
58187.918172 13.569576 0.000334 0.16 8.1114021 7.7233839 19.0550000 400.05 200.00 GMRT band3
