58389.276853 13.568065 0.001106 0.29 31.0966324 30.5990473 59.7080000 929.95 200.00 GMRT band3+5
58453.144155 13.567940358035282 0.00208610280376776182 0.76 988.2392036 1137.0437451 85.8170000 929.95 200.00 GMRT band3+5
58566.817650 13.56913625790917 0.00112064714487664281 25.77 2454.3711931 2495.6195620 29.7120000 929.95 200.00 GMRT band3+5
57684.379977 13.569854 0.000243 0.28 15.0168689 10.5235421 20.8695000 880.05 400.00 GMRT band3+5
57698.313484 13.569102 0.001177 1.94 649.6728881 648.9260180 25.1765000 880.05 400.00 GMRT band3+5
57740.277951 13.569043 0.000467 1.50 19.2548019 18.8448526 27.7920000 880.05 400.00 GMRT band3+5
57782.108160 13.569611 0.000222 0.47 25.5865846 24.1239417 19.0190000 880.05 400.00 GMRT band3+5
57795.947397 13.569145 0.000148 0.50 5.7287049 5.3134192 12.5750000 880.05 400.00 GMRT band3+5
57823.919502 13.568816 0.000266 0.21 17.3956863 17.6193736 23.4450000 880.05 400.00 GMRT band3+5
57872.915104 13.568769 0.000440 0.78 25.5493301 23.3423817 28.6910000 880.05 400.00 GMRT band3+5
57885.763368 13.569928 0.002264 8.72 1338.0323723 1339.9327789 25.9220000 880.05 400.00 GMRT band3+5
57894.673438 13.569999 0.000951 1.41 57.3145633 60.0387985 29.3795000 880.05 400.00 GMRT band3+5
57897.874016 13.569318 0.000242 59.52 1578.3862041 1581.9389795 24.4870000 880.05 400.00 GMRT band3+5
57956.643345 13.569381 0.0002186 52.35 1772.7917570 1761.7791282 27.8100000 880.05 400.00 GMRT band3+5
57963.437905 13.569476 0.000383 0.65 19.1574418 19.7796572 25.2965000 880.05 400.00 GMRT band3+5
57970.596933 13.569046 0.000164 0.18 9.4102424 9.3539755 17.9090000 880.05 400.00 GMRT band3+5
57978.430035 13.570101 0.000270 0.28 23.8495384 15.2341831 18.8370000 880.05 400.00 GMRT band3+5
57997.559549 13.569066 0.000177 0.09 7.1303644 7.8651673 24.4970000 880.05 400.00 GMRT band3+5
58076.273958 13.569451 0.000465 0.31 18.4174140 16.6773335 26.7570000 880.00 400.00 GMRT band3+5
58105.197339 13.569867 0.000326 0.17 15.2970547 8.9740619 24.2810000 880.00 400.00 GMRT band3+5
58133.081366 13.569542 0.000182 0.24 12.6652669 10.2463345 20.5185000 880.00 400.00 GMRT band3+5
58187.918172 13.569452 0.000206 0.19 12.1547895 10.3783254 19.3050000 880.00 400.00 GMRT band3+5
