59348.836748 52.333038 0.000133 0.35 5.7083306 2.3142567 3.0560000 399.23 200.00 GMRT band3
59359.838541 52.333109 0.000279 0.90 5.6700270 3.9987259 4.9945000 399.23 200.00 GMRT band3
59370.668634 52.333561 0.000629 1.74 15.3983139 15.5380146 6.7280000 399.23 200.00 GMRT band3
59380.677372 52.332845 0.000829 0.80 19.6596560 18.8138684 14.9710000 399.23 200.00 GMRT band3
59391.574537 52.333766 0.000263 0.30 9.9501572 10.5970092 3.8210000 399.23 200.00 GMRT band3
59403.643345 52.333577 0.000168 0.26 2.4539319 2.8900051 4.0590000 399.23 200.00 GMRT band3
59413.546585 52.334077 0.000352 0.03 1.7991661 2.0169905 11.4885000 399.23 200.00 GMRT band3
59441.492361 52.332882 0.000178 0.31 9.8519617 5.2468665 3.8385000 399.22 200.00 GMRT band3
59449.437673 52.333330 0.000198 0.39 4.4154526 4.0272022 3.8760000 399.22 200.00 GMRT band3
59460.444386 52.333389 0.000239 0.81 5.0277632 4.6021733 3.4155000 399.22 200.00 GMRT band3
59469.361632 52.333679 0.000682 1.74 19.7871132 17.6387645 7.8670000 399.22 200.00 GMRT band3
59481.441377 52.333835 0.000064 0.03 1.3933859 0.7733811 4.5340000 399.22 200.00 GMRT band3
59489.383854 52.333997 0.000435 1.87 12.3876691 12.3934956 5.3555000 399.22 200.00 GMRT band3
59496.341261 52.335013 0.000453 0.31 19.3535701 16.5179382 6.3120000 399.22 200.00 GMRT band3
59520.251042 52.334604 0.000373 0.75 5.3139455 6.6893341 6.5420000 399.22 200.00 GMRT band3
59531.246585 52.334087 0.000424 1.76 9.1296411 11.7505993 6.7145000 399.22 200.00 GMRT band3
59540.326157 52.334163 0.000387 0.87 7.2137199 10.1996665 5.7270000 399.22 200.00 GMRT band3
59551.203935 52.334224 0.000247 0.10 3.6344087 1.1679329 5.6830000 399.22 200.00 GMRT band3
59560.224247 52.334511 0.000291 0.92 10.7319010 19.0066674 10.5095000 399.22 200.00 GMRT band3
59569.123437 52.334355 0.000199 0.14 3.3467425 2.0916081 4.0980000 399.22 200.00 GMRT band3
59580.164525 52.335011 0.000475 0.56 25.3136816 25.2433041 9.0700000 399.22 200.00 GMRT band3
59590.156597 52.332860 0.000499 0.23 2.2339266 2.0384891 4.2325000 399.22 200.00 GMRT band3
59600.041956 52.334577 0.000160 0.12 6.6452636 6.0566670 6.9475000 399.22 200.00 GMRT band3
59609.989294 52.334227 0.000315 1.25 7.2847712 6.4123066 5.5110000 399.22 200.00 GMRT band3
59620.947511 52.333872 0.000154 0.70 2.1691413 2.2271447 3.2270000 399.22 200.00 GMRT band3
59630.097974 52.333852 0.000047 0.08 0.9372662 0.8686541 2.3230000 399.22 200.00 GMRT band3
59644.036632 52.333925 0.000186 0.63 4.8344019 4.7296382 4.4795000 399.22 200.00 GMRT band3
59649.868403 52.333868 0.000281 1.87 4.4926286 4.4745808 3.5750000 399.22 200.00 GMRT band3
59659.878993 52.334044 0.000413 1.59 7.6641599 8.2223332 5.7855000 399.22 200.00 GMRT band3
59671.823322 52.334437 0.000206 0.73 7.4413601 6.1969683 3.3200000 399.22 200.00 GMRT band3
59695.821238 52.334761 0.000666 5.45 19.4381805 18.9886991 5.1520000 399.22 200.00 GMRT band3
59705.853067 52.334521 0.000161 0.45 6.6818323 3.1906315 4.9550000 399.22 200.00 GMRT band3
59718.877141 52.334578 0.000317 1.01 11.8605297 8.1490806 5.0720000 399.22 200.00 GMRT band3
59725.851389 52.334403 0.000731 4.67 11.6924540 14.0297516 6.2085000 399.22 200.00 GMRT band3
59734.836516 52.335227 0.000217 0.22 11.5993871 6.9134582 7.2820000 399.22 200.00 GMRT band3
59746.660011 52.334937 0.000393 2.30 11.9371368 6.7075519 5.2555000 399.22 200.00 GMRT band3
59756.672511 52.335182 0.000344 0.21 13.6426784 8.5167227 5.4140000 399.22 200.00 GMRT band3
59777.633275 52.333447 0.000756 2.52 18.2601438 18.3294257 9.0785000 399.22 200.00 GMRT band3
59788.631771 52.335315 0.000251 0.16 7.3104925 5.6082312 4.3770000 399.22 200.00 GMRT band3
59796.604224 52.335244 0.000549 0.60 19.0137684 20.1632906 6.9060000 399.22 200.00 GMRT band3
59805.567477 52.334062 0.000398 1.01 6.3075505 6.5183330 7.5150000 399.22 200.00 GMRT band3
59816.568287 52.334660 0.000281 1.19 7.6669070 5.8440215 4.8470000 399.22 200.00 GMRT band3
59826.487442 52.333982 0.000316 0.74 8.7507750 6.3893683 3.7590000 399.22 200.00 GMRT band3
59837.555266 52.334727 0.000509 0.31 14.6884601 15.1790423 8.2520000 399.22 200.00 GMRT band3
59846.454803 52.334427 0.000258 0.11 6.2575053 4.8557382 7.4910000 399.22 200.00 GMRT band3
59887.286053 52.334209 0.000512 1.10 9.6275436 8.2266671 5.1110000 399.22 200.00 GMRT band3
59897.174479 52.334403 0.000118 0.40 6.8731291 1.6065270 3.3385000 399.22 200.00 GMRT band3
59905.265798 52.334890 0.000271 1.02 11.3235451 7.8945876 4.5905000 399.22 200.00 GMRT band3
59917.300000 52.335048 0.000267 1.95 10.3647985 4.0559376 2.8790000 399.22 200.00 GMRT band3
59925.148090 52.334248 0.000318 1.24 5.5664106 5.0502084 4.1105000 399.22 200.00 GMRT band3
59936.123553 52.334622 0.000229 2.14 8.0564935 6.9404247 2.7515000 399.22 200.00 GMRT band3
59944.060706 52.334461 0.000250 1.55 9.5647709 5.9546004 3.8330000 399.22 200.00 GMRT band3
59954.016956 52.334078 0.000225 2.56 4.9285050 5.1649369 2.4330000 399.22 200.00 GMRT band3
59964.134433 52.334063 0.000294 0.67 4.8726084 4.4558780 5.3205000 399.22 200.00 GMRT band3
59974.066608 52.334093 0.000207 1.17 3.6885070 1.7104366 2.3800000 399.22 200.00 GMRT band3
59985.973264 52.333889 0.000214 0.84 2.5744159 4.2453861 2.8320000 399.22 200.00 GMRT band3
59993.919386 52.333701 0.000274 1.06 5.8360326 5.7519953 3.8190000 399.22 200.00 GMRT band3
60005.911401 52.333835 0.000322 1.93 7.6350603 8.1034254 3.5580000 399.22 200.00 GMRT band3
60013.933796 52.333331 0.000203 0.38 2.6462123 2.6986789 4.1170000 399.22 200.00 GMRT band3
60023.828993 52.332923 0.000360 0.70 12.8807408 12.8090799 7.2760000 399.22 200.00 GMRT band3
60033.884259 52.334085 0.000243 2.52 5.7628927 4.9860842 2.9800000 399.22 200.00 GMRT band3
60061.832002 52.333993 0.000153 0.19 2.8958741 1.9415014 5.2810000 399.22 200.00 GMRT band3
60070.756713 52.333642 0.000176 0.93 2.9745712 2.8096354 2.3690000 399.22 200.00 GMRT band3
60082.730961 52.333722 0.000154 0.41 3.0363513 3.2113077 4.6310000 399.22 200.00 GMRT band3
60089.705035 52.333939 0.000232 1.17 2.6678185 1.7715818 2.0995000 399.22 200.00 GMRT band3
60098.678298 52.333615 0.000212 1.09 5.8776527 5.3579569 3.6285000 399.22 200.00 GMRT band3
60107.643750 52.333946 0.000175 0.58 4.7393735 5.7039809 3.6405000 399.22 200.00 GMRT band3
60117.684085 52.334157 0.000288 0.81 5.8174230 6.7288383 3.7740000 399.22 200.00 GMRT band3
60128.585243 52.333568 0.000284 1.17 5.9338008 5.4186325 3.0350000 399.22 200.00 GMRT band3
60138.611053 52.333730 0.000336 1.11 3.0884700 4.5334075 3.3585000 399.22 200.00 GMRT band3
60149.544792 52.333931 0.000192 0.75 2.8935917 1.9923622 3.1500000 399.22 200.00 GMRT band3
60156.517072 52.333416 0.000136 0.32 2.6468902 2.1736121 3.7830000 399.22 200.00 GMRT band3
60164.504282 52.334065 0.000183 0.92 4.0988765 2.7019761 2.5540000 399.22 200.00 GMRT band3
60174.476331 52.333042 0.000298 0.63 4.8962866 2.6527702 3.7790000 399.22 200.00 GMRT band3
60184.416840 52.333841 0.000273 1.88 27.5037422 24.8493526 11.2170000 399.22 200.00 GMRT band3
60195.444734 52.333089 0.000282 0.64 6.6434820 5.4862271 6.1485000 399.22 200.00 GMRT band3
60203.379282 52.334348 0.000320 1.19 4.8960596 2.6983319 2.7380000 399.22 200.00 GMRT band3
60248.473611 52.333782 0.000334 1.87 3.5666013 3.6785110 2.8090000 399.22 200.00 GMRT band3
60259.225984 52.333740 0.000545 1.37 6.0574475 7.7616952 5.1750000 399.22 200.00 GMRT band3
60267.411805 52.334706 0.000153 0.55 7.2165981 1.9804096 2.6310000 399.22 200.00 GMRT band3
60286.180613 52.334857 0.000557 0.89 16.7129112 17.7528065 10.2880000 399.22 200.00 GMRT band3
60288.294849 52.334191 0.000199 0.42 3.3973621 2.5512442 3.2030000 399.22 200.00 GMRT band3
60301.102169 52.333935 0.000145 0.15 3.5182605 3.2347384 5.2450000 399.22 200.00 GMRT band3
60314.280729 52.334157 0.000257 0.42 6.7648263 4.6527554 5.4350000 399.22 200.00 GMRT band3
60318.062673 52.334339 0.000226 0.42 6.7708921 5.5098667 6.6320000 399.22 200.00 GMRT band3
60328.251447 52.333632 0.000471 0.84 8.0170810 8.5946422 7.6715000 399.95 200.00 GMRT band3
60338.137673 52.334616 0.000311 0.59 6.3124061 5.6418752 6.0325000 399.22 200.00 GMRT band3
60349.133507 52.334481 0.000184 0.85 5.8620722 2.5267761 2.8640000 399.22 200.00 GMRT band3
60358.934664 52.334001 0.000296 0.35 4.9296439 3.9977468 7.0580000 399.22 200.00 GMRT band3
60371.116666 52.334705 0.000273 1.33 7.1663066 3.8847783 3.3640000 399.22 200.00 GMRT band3
60377.938715 52.333325 0.000551 3.46 14.5889149 13.9844993 5.6455000 399.22 200.00 GMRT band3
60388.077951 52.334006 0.000128 0.46 3.3910512 1.9048470 3.6550000 399.22 200.00 GMRT band3
60397.996007 52.333580 0.000465 0.51 10.6695768 9.8002889 11.0540000 399.22 200.00 GMRT band3
