58259.837789 52.333169 0.000149 0.10 5.7404730 2.3485673 7.8095000 929.95 200.00 GMRT band3+5
58276.690220 52.332156 0.001449 6.74 21.6957979 17.7994769 10.6660000 929.95 200.00 GMRT band3+5
58322.519734 52.334150 0.000977 2.38 18.4094733 18.6930859 13.6295000 929.95 200.00 GMRT band3+5
58355.433160 52.334547 0.000347 0.14 8.8829306 7.6364973 14.1335000 929.95 200.00 GMRT band3+5
58389.300289 52.332578 0.000378 0.16 13.2360372 5.0455405 17.0675000 929.95 200.00 GMRT band3+5
58440.253588 52.335116 0.000486 0.31 19.5111530 6.6526417 18.0945000 929.95 200.00 GMRT band3+5
58524.060590 52.332848 0.000296 0.21 16.9148498 11.2565063 11.4125000 929.95 200.00 GMRT band3+5
58551.939179 52.333730 0.001169 2.49 15.7638930 15.7358335 14.0840000 929.95 200.00 GMRT band3+5
58566.840336 52.333133 0.000796 1.60 21.9568831 23.7519293 10.7465000 929.95 200.00 GMRT band3+5
59348.836748 52.333200 0.000072 0.59 8.3820131 2.8295456 3.1150000 879.67 400.00 GMRT band3+5
59359.838541 52.333318 0.000128 1.83 7.0079063 4.1917811 4.0930000 879.67 400.00 GMRT band3+5
59370.668634 52.333666 0.000209 2.21 13.1728541 13.2105123 5.2490000 879.67 400.00 GMRT band3+5
59380.677372 52.333583 0.000171 0.69 17.2839517 16.5240963 7.3560000 879.67 400.00 GMRT band3+5
59391.574537 52.333262 0.000096 0.51 10.4143777 8.7754450 3.9370000 879.67 400.00 GMRT band3+5
59403.643345 52.333399 0.000092 1.09 5.3689134 3.5013837 3.4170000 879.67 400.00 GMRT band3+5
59413.546585 52.333679 0.000157 0.25 3.4804392 3.7576869 8.9565000 879.67 400.00 GMRT band3+5
59441.492361 52.333265 0.000180 0.71 10.2807232 7.6848706 5.5420000 879.66 400.00 GMRT band3+5
59449.437673 52.333661 0.000107 0.87 4.5658077 4.1124703 3.8760000 879.66 400.00 GMRT band3+5
59460.444386 52.333504 0.000092 0.52 4.6289535 3.6921007 4.1150000 879.66 400.00 GMRT band3+5
59469.361632 52.333459 0.000253 1.56 18.8968507 16.4686377 6.4900000 879.66 400.00 GMRT band3+5
59481.441377 52.333800 0.000162 1.94 4.3587481 4.5630768 3.6050000 879.66 400.00 GMRT band3+5
59489.383854 52.333726 0.000179 1.77 11.2594574 11.2491979 4.5380000 879.66 400.00 GMRT band3+5
59496.341261 52.334014 0.000107 0.53 16.6476307 13.9542777 4.6980000 879.66 400.00 GMRT band3+5
59520.251042 52.334509 0.000151 1.36 8.5332991 7.2494072 4.6790000 879.66 400.00 GMRT band3+5
59531.246585 52.334455 0.000154 1.47 13.2701254 10.4548481 5.8420000 879.66 400.00 GMRT band3+5
59540.326157 52.334571 0.000107 0.80 11.5543971 9.0675267 5.1545000 879.66 400.00 GMRT band3+5
59551.203935 52.334174 0.000073 0.12 5.4875018 6.4426108 8.5530000 879.66 400.00 GMRT band3+5
59560.224247 52.334511 0.000291 2.29 17.8107902 18.3637189 8.8340000 879.56 400.00 GMRT band3+5
59569.123437 52.333981 0.000043 0.16 3.7982861 1.7440558 3.6710000 879.66 400.00 GMRT band3+5
59580.164525 52.333729 0.000166 1.22 23.1823258 23.1298074 4.5520000 879.66 400.00 GMRT band3+5
59590.156597 52.333583 0.000084 0.26 2.4346435 1.7313737 3.9080000 879.66 400.00 GMRT band3+5
59600.041956 52.333807 0.000114 1.14 6.2354314 5.5887391 3.3910000 879.66 400.00 GMRT band3+5
59609.989294 52.333830 0.000117 1.76 6.9127704 6.0882570 3.5350000 879.66 400.00 GMRT band3+5
59620.947511 52.333700 0.000077 0.69 2.6428887 2.5511290 3.6325000 879.66 400.00 GMRT band3+5
59630.097974 52.333733 0.000014 0.13 0.9262137 0.8577099 1.8840000 879.66 400.00 GMRT band3+5
59644.036632 52.333922 0.000075 1.04 4.9704526 4.3341716 3.0700000 879.66 400.00 GMRT band3+5
59649.868403 52.333714 0.000107 1.80 4.2203753 4.1948132 2.9800000 879.66 400.00 GMRT band3+5
59659.878993 52.333999 0.000151 2.05 7.2783179 7.9656644 4.3745000 879.66 400.00 GMRT band3+5
59671.823322 52.333908 0.000084 1.17 6.7371988 5.2693151 3.1970000 879.66 400.00 GMRT band3+5
59695.821238 52.334530 0.000263 4.40 20.0878595 15.7840502 5.5620000 879.66 400.00 GMRT band3+5
59705.853067 52.334184 0.000097 1.16 7.6725912 3.5117291 4.2855000 879.66 400.00 GMRT band3+5
59718.877141 52.334263 0.000177 1.62 13.3107209 7.7161173 5.6260000 879.66 400.00 GMRT band3+5
59725.851389 52.334295 0.000192 3.13 12.5843246 12.8193142 4.9290000 879.66 400.00 GMRT band3+5
59734.836516 52.334395 0.000134 1.07 12.8635499 7.2139857 6.8160000 879.66 400.00 GMRT band3+5
59756.672511 52.334281 0.000100 0.59 14.6665362 8.0834112 5.1730000 879.66 400.00 GMRT band3+5
59777.633275 52.333745 0.000224 1.83 15.5115506 15.6145894 6.9045000 879.66 400.00 GMRT band3+5
59788.631771 52.334135 0.000155 1.38 7.9296461 5.5389416 4.1870000 879.66 400.00 GMRT band3+5
59796.604224 52.333608 0.000202 1.39 18.0294075 19.2226073 5.5160000 879.66 400.00 GMRT band3+5
59805.567477 52.334020 0.000153 0.83 6.3713510 6.2070567 6.3300000 879.66 400.00 GMRT band3+5
59816.568287 52.334213 0.000142 1.73 9.2401583 5.8905740 4.7240000 879.66 400.00 GMRT band3+5
59826.487442 52.334128 0.000284 1.36 19.4854859 16.4262366 8.9160000 879.66 400.00 GMRT band3+5
59837.555266 52.333680 0.000126 0.49 13.0203227 13.5494300 5.7200000 879.66 400.00 GMRT band3+5
59846.454803 52.334018 0.000141 0.45 7.2717737 4.9110892 6.8280000 879.66 400.00 GMRT band3+5
59887.286053 52.334200 0.000276 0.69 10.7104330 5.9923842 9.4445000 879.66 400.00 GMRT band3+5
59905.265798 52.334748 0.000112 0.76 17.7721406 6.5422336 4.9075000 879.66 400.00 GMRT band3+5
59925.148090 52.334220 0.000114 0.91 7.6231939 4.5401738 3.6680000 879.66 400.00 GMRT band3+5
59944.060706 52.334254 0.000113 2.02 10.2991304 5.4463516 3.2880000 879.66 400.00 GMRT band3+5
59964.134433 52.333901 0.000142 0.91 8.3287598 9.4846507 5.9810000 879.66 400.00 GMRT band3+5
59985.973264 52.333431 0.000133 1.19 4.6246564 3.3235442 3.8470000 879.66 400.00 GMRT band3+5
60005.911401 52.333806 0.000141 2.34 7.2188400 7.8956138 3.5580000 879.66 400.00 GMRT band3+5
60013.933796 52.333763 0.000100 0.93 2.8014708 2.9213390 4.1170000 879.66 400.00 GMRT band3+5
60023.828993 52.333711 0.000158 1.15 10.7844037 10.7416636 6.0420000 879.66 400.00 GMRT band3+5
60061.832002 52.333909 0.000145 1.37 5.6023215 5.3234523 4.7425000 879.66 400.00 GMRT band3+5
60082.730961 52.333627 0.000092 0.38 3.2425592 3.0159665 5.2405000 879.66 400.00 GMRT band3+5
60098.678298 52.333366 0.000103 0.99 7.7745761 4.2647920 4.5220000 879.66 400.00 GMRT band3+5
60117.684085 52.333583 0.000225 1.70 8.7995183 8.9342617 6.6070000 879.66 400.00 GMRT band3+5
60138.611053 52.333209 0.000174 2.03 7.9719617 5.3443508 3.4050000 879.66 400.00 GMRT band3+5
60156.517072 52.333518 0.000092 0.58 6.4778692 5.4976822 4.4220000 879.66 400.00 GMRT band3+5
60174.476331 52.333271 0.000240 0.74 14.9957441 17.7634047 6.2175000 879.66 400.00 GMRT band3+5
60195.444734 52.333559 0.000128 0.94 7.4098092 5.6542546 5.3200000 879.66 400.00 GMRT band3+5
60259.225984 52.334152 0.000232 1.40 8.0228014 9.2128677 6.7820000 879.66 400.00 GMRT band3+5
60286.180613 52.333610 0.000201 1.18 15.3421479 16.4680847 9.0760000 879.66 400.00 GMRT band3+5
60301.102169 52.333952 0.000085 0.33 4.3712380 3.0914168 4.5345000 879.66 400.00 GMRT band3+5
60318.062673 52.333903 0.000090 0.66 6.3577292 4.9852769 5.3860000 879.66 400.00 GMRT band3+5
60338.137673 52.333845 0.000127 1.39 5.5753471 5.0758430 3.6255000 879.66 400.00 GMRT band3+5
60358.934664 52.333891 0.000113 0.57 5.0372468 4.1129689 5.1935000 879.66 400.00 GMRT band3+5
60377.938715 52.333581 0.000155 2.59 13.5621192 12.8678429 4.7010000 879.66 400.00 GMRT band3+5
60397.996007 52.333412 0.000125 0.32 9.7096635 8.5666692 8.7075000 879.66 400.00 GMRT band3+5
