58259.865104 34.491785 0.001214 0.48 15.3936952 14.7285494 31.1655000 929.95 200.00 GMRT band3+5
58276.714178 34.491270 0.000954 0.30 9.2300447 9.1596743 29.4230000 929.95 200.00 GMRT band3+5
58307.614583 34.489490 0.000385 0.03 17.7557243 5.5318916 39.0220000 929.95 200.00 GMRT band3+5
58322.547975 34.491616 0.000958 0.33 13.8517768 11.9690826 30.2155000 929.95 200.00 GMRT band3+5
58566.865799 34.492317 0.000533 0.09 13.7047048 9.6123123 31.2075000 929.95 200.00 GMRT band3+5
57684.401794 34.491188 0.000282 0.11 7.1529489 7.1382922 23.0375000 880.05 400.00 GMRT band3+5
57698.337673 34.490058 0.000524 0.93 26.5788005 19.2933552 19.4865000 880.05 400.00 GMRT band3+5
57711.287789 34.491306 0.000524 0.78 15.1860873 15.5490703 20.2500000 880.05 400.00 GMRT band3+5
57726.382118 34.490935 0.000888 1.12 26.7133359 26.9897249 27.2735000 880.05 400.00 GMRT band3+5
57740.297164 34.490805 0.000542 0.27 17.1422382 15.6006158 24.9730000 880.05 400.00 GMRT band3+5
57754.200173 34.489840 0.000309 0.16 19.2316715 9.6018325 25.3610000 880.05 400.00 GMRT band3+5
57782.128877 34.489922 0.000304 0.20 23.7948768 9.3121841 23.6260000 880.05 400.00 GMRT band3+5
57837.905729 34.489805 0.000454 0.58 30.0436449 20.3117890 27.1405000 880.05 400.00 GMRT band3+5
57872.934085 34.491044 0.000525 0.48 23.3607528 22.7068072 26.2300000 880.05 400.00 GMRT band3+5
57894.694502 34.491133 0.000312 0.47 15.1984425 15.0097175 17.9300000 880.05 400.00 GMRT band3+5
57911.840220 34.490324 0.000735 1.20 36.1482836 30.3999219 30.4240000 880.05 400.00 GMRT band3+5
57970.616724 34.489891 0.000580 0.64 25.7096229 22.5016584 23.6330000 880.05 400.00 GMRT band3+5
57985.588831 34.491430 0.000563 0.28 15.1169279 16.0382182 26.9895000 880.05 400.00 GMRT band3+5
57997.579109 34.490763 0.000565 0.91 18.5712493 18.0679395 21.5825000 880.05 400.00 GMRT band3+5
58012.465625 34.489841 0.000612 1.07 25.5043746 22.0893931 26.1995000 880.05 400.00 GMRT band3+5
58062.384028 34.491040 0.000749 0.50 28.1348005 27.2827162 35.6190000 880.00 400.00 GMRT band3+5
58076.295486 34.489807 0.000363 0.34 26.9784328 11.6245504 25.2050000 880.00 400.00 GMRT band3+5
58133.102315 34.489283 0.000602 0.96 35.5254237 19.5702988 22.1605000 880.00 400.00 GMRT band3+5
58147.109722 34.489621 0.000677 1.11 38.2381073 22.9638428 24.5925000 880.00 400.00 GMRT band3+5
58160.049768 34.488730 0.000740 1.05 53.9801489 27.0497738 26.4650000 880.00 400.00 GMRT band3+5
58187.939005 34.488912 0.000687 0.42 36.7040707 15.5171464 29.2635000 880.00 400.00 GMRT band3+5
