57684.401794 34.489760 0.000485 0.03 8.4911891 8.4313091 22.1530000 400.05 200.00 GMRT band3
57698.337673 34.488239 0.000957 0.58 31.1583591 22.8330962 21.6155000 400.05 200.00 GMRT band3
57711.287789 34.489650 0.000146 0.01 16.6961152 17.8311202 21.9260000 400.05 200.00 GMRT band3
57726.382118 34.488691 0.001557 0.72 27.7250673 25.8924262 27.2735000 400.05 200.00 GMRT band3
57740.297164 34.489178 0.000848 0.08 12.5485772 10.4879373 22.1250000 400.05 200.00 GMRT band3
57754.200173 34.489115 0.000192 0.02 23.8788389 8.9477420 19.8200000 400.05 200.00 GMRT band3
57768.228762 34.489626 0.000442 0.08 34.0646208 5.2837878 23.9390000 400.05 200.00 GMRT band3
57782.128877 34.488852 0.000361 0.05 24.0204805 11.8815378 24.1920000 400.05 200.00 GMRT band3
57795.989988 34.489650 0.000433 0.15 35.5487665 5.9828788 23.5560000 400.05 200.00 GMRT band3
57809.910359 34.489903 0.000394 0.07 15.3692270 17.4093654 23.6940000 400.05 200.00 GMRT band3
57837.905729 34.486956 0.000415 0.06 39.3040774 26.5118823 27.2865000 400.05 200.00 GMRT band3
57872.934085 34.489573 0.000164 0.01 18.0722806 16.3554076 25.5590000 400.05 200.00 GMRT band3
57885.809317 34.489692 0.000592 0.08 14.3049311 6.2140158 25.1120000 400.05 200.00 GMRT band3
57894.694502 34.490831 0.001316 1.03 18.5911298 18.7487712 18.4430000 400.05 200.00 GMRT band3
57897.892998 34.489245 0.000492 0.08 19.4590312 5.9552899 25.4345000 400.05 200.00 GMRT band3
57911.840220 34.488886 0.000271 0.02 25.1208590 15.8660879 26.3880000 400.05 200.00 GMRT band3
57928.659202 34.488095 0.000475 0.04 24.8760113 3.5745541 22.8180000 400.05 200.00 GMRT band3
57956.662674 34.488397 0.000288 0.01 16.5202016 1.4204006 22.7110000 400.05 200.00 GMRT band3
57970.616724 34.488369 0.000716 0.17 31.6621548 18.4213820 23.6330000 400.05 200.00 GMRT band3
57985.588831 34.487459 0.000518 0.02 22.3613273 23.6720496 27.5970000 400.05 200.00 GMRT band3
57997.579109 34.488643 0.000051 0.00 27.4868175 22.8094388 20.6380000 400.05 200.00 GMRT band3
58012.465625 34.488859 0.001614 1.00 26.8414231 19.9974973 25.1240000 400.05 200.00 GMRT band3
58048.352488 34.489709 0.000537 0.15 14.9704271 6.5221970 22.0115000 400.05 200.00 GMRT band3
58062.384028 34.488287 0.000521 0.04 25.3142167 23.8007773 32.8480000 400.05 200.00 GMRT band3
58076.295486 34.488098 0.000513 0.10 27.8881994 15.4982185 25.6320000 400.05 200.00 GMRT band3
58118.162442 34.4891305 0.00047754 0.25 42.8412350 9.9126990 27.2825000 400.05 200.00 GMRT band3
58133.102315 34.487126 0.001133 0.58 38.7065442 22.8067497 22.1605000 400.05 200.00 GMRT band3
58147.109722 34.486634 0.001013 0.22 36.9396901 24.5839206 26.7260000 400.05 200.00 GMRT band3
58160.049768 34.484943 0.000696 0.13 58.0700701 35.2296869 28.0565000 400.05 200.00 GMRT band3
58187.939005 34.487093 0.000534 0.08 38.4877579 16.7692793 24.0700000 400.05 200.00 GMRT band3
