58241.854572 62.394651 0.000208 0.01 8.1924988 2.1490308 11.0260000 449.95 100.00 GMRT band3
58259.808623 62.394854 0.000969 0.37 11.1152666 6.1332938 8.6530000 449.95 100.00 GMRT band3
58276.768576 62.394971 0.000859 0.19 11.8317273 5.3927957 8.7300000 449.95 100.00 GMRT band3
58322.596354 62.391368 0.001247 0.51 5.4362618 5.0912777 8.1535000 449.95 100.00 GMRT band3
58340.564931 62.398534 0.001572 0.74 23.7601401 17.9529104 9.2395000 449.95 100.00 GMRT band3
58355.514178 62.394553 0.000804 0.35 13.1262753 6.7650151 7.8420000 449.95 100.00 GMRT band3
58371.475289 62.391685 0.000504 0.01 2.6010057 2.9340531 23.2210000 449.95 100.00 GMRT band3
58389.373438 62.393669 0.001134 0.68 10.3461302 6.6945453 8.7530000 449.95 100.00 GMRT band3
58440.340336 62.394268 0.000712 0.17 9.4995130 3.7141097 8.6450000 449.95 100.00 GMRT band3
58467.233970 62.389771 0.001208 0.07 6.4620216 14.0849133 27.9610000 449.95 100.00 GMRT band3
58481.201620 62.397284 0.002522 0.81 28.0961206 24.9483955 23.0630000 449.95 100.00 GMRT band3
58510.124306 62.404586 0.002548 0.12 39.4354643 37.3621905 34.8590000 449.95 100.00 GMRT band3
58524.108912 62.393206 0.001393 0.79 12.6425708 8.9355644 8.3590000 449.95 100.00 GMRT band3
58552.112153 62.393003 0.000974 0.55 7.7803993 248.2723381 6.7130000 449.95 100.00 GMRT band3
58566.921470 62.393633 0.000338 0.10 8.2225843 2.8013663 6.1750000 449.95 100.00 GMRT band3
58781.342014 62.393417 0.000301 0.51 26.5980318 15.6875361 5.9435000 399.80 200.00 GMRT band3
58792.365567 62.394335 0.000204 1.83 30.9036766 7.6835153 5.3015000 399.80 200.00 GMRT band3
58804.392246 62.393972 0.000143 1.32 23.9291845 10.9708280 4.7050000 399.80 200.00 GMRT band3
58813.372512 62.394207 0.000210 1.67 37.0870665 16.0404417 5.8680000 399.80 200.00 GMRT band3
58837.244734 62.394188 0.000174 1.85 28.9514803 7.0319122 4.5900000 399.80 200.00 GMRT band3
58844.152084 62.394396 0.000221 1.76 26.7483718 9.2542721 4.3370000 399.80 200.00 GMRT band3
58854.102026 62.393925 0.000184 1.54 26.5204546 9.8327860 4.7635000 399.80 200.00 GMRT band3
58865.112327 62.393917 0.000107 1.01 26.3412144 6.1647455 4.2690000 399.80 200.00 GMRT band3
58874.135012 62.393771 0.000119 1.21 24.3701246 5.7065887 4.2450000 399.80 200.00 GMRT band3
58892.997570 62.393636 0.000139 2.08 25.4956680 6.6224804 3.9120000 399.80 200.00 GMRT band3
58902.985359 62.393532 0.000147 1.37 23.7428008 6.6531746 4.1505000 399.80 200.00 GMRT band3
58914.089757 62.394072 0.000185 1.69 29.8587145 14.5987077 4.4220000 399.80 200.00 GMRT band3
58922.094850 62.393252 0.000224 1.55 22.4700703 7.8356772 4.7885000 399.80 200.00 GMRT band3
58992.922049 62.394368 0.000200 2.39 32.3821335 15.2799441 5.8575000 399.80 200.00 GMRT band3
59000.886979 62.394057 0.000329 1.43 35.6065751 26.0698083 9.3920000 399.80 200.00 GMRT band3
59008.734896 62.394433 0.000161 1.00 30.7445642 11.3460712 5.7930000 399.80 200.00 GMRT band3
59015.850752 62.394446 0.000123 0.70 31.5487587 9.1863286 6.2500000 399.80 200.00 GMRT band3
59022.777836 62.394534 0.000173 1.22 32.2562884 12.3116071 6.1370000 399.80 200.00 GMRT band3
59032.825173 62.394522 0.000140 0.94 33.6782281 14.1313658 6.0120000 399.80 200.00 GMRT band3
59037.808970 62.394040 0.000406 1.77 29.1085214 17.6726007 7.5010000 399.80 200.00 GMRT band3
59044.763368 62.395057 0.000269 1.39 38.6565336 28.4171781 8.4630000 399.80 200.00 GMRT band3
59062.560764 62.394030 0.000292 1.00 30.3178240 13.5432034 7.3100000 399.80 200.00 GMRT band3
59075.530961 62.394244 0.000516 1.16 32.7642201 25.8987509 16.2120000 399.80 200.00 GMRT band3
59082.528298 62.394756 0.000191 0.60 30.4735459 13.7127128 7.4490000 399.80 200.00 GMRT band3
59093.616030 62.394022 0.000566 1.13 19.1995654 12.0362395 7.2525000 399.80 200.00 GMRT band3
59100.573322 62.394308 0.000280 1.42 33.0431097 17.4988228 6.8575000 399.80 200.00 GMRT band3
59106.615220 62.394535 0.000139 0.79 30.1418000 12.6027703 6.8260000 399.80 200.00 GMRT band3
59113.499711 62.395326 0.000608 0.61 22.8083854 18.9599010 8.8190000 399.80 200.00 GMRT band3
59133.355845 62.394116 0.000170 1.15 30.0887514 14.3942905 7.0220000 399.80 200.00 GMRT band3
59187.327257 62.394916 0.000201 1.10 43.6715704 28.1022406 5.4630000 399.61 200.00 GMRT band3
59196.293924 62.394587 0.000170 1.42 33.2348293 15.8611665 4.7340000 399.61 200.00 GMRT band3
59208.327083 62.393913 0.000253 3.32 33.7454930 20.2205693 5.5770000 399.61 200.00 GMRT band3
59217.196122 62.394298 0.000295 1.14 23.7456249 14.1739204 4.3535000 399.61 200.00 GMRT band3
59230.140798 62.393766 0.000168 1.43 25.3022558 13.7200978 4.8170000 399.62 200.00 GMRT band3
59238.278877 62.393522 0.000208 2.31 23.7947330 13.3022363 4.3895000 399.62 200.00 GMRT band3
59252.037326 62.393358 0.000167 2.02 22.6691107 11.2991565 4.1270000 399.62 200.00 GMRT band3
59264.060764 62.393428 0.000176 1.30 20.9431582 12.0977328 4.4815000 399.62 200.00 GMRT band3
59272.026910 62.393043 0.000277 2.03 24.4475889 15.0157745 4.7730000 399.62 200.00 GMRT band3
59280.944155 62.393019 0.000121 0.75 21.5330954 7.9633982 4.5910000 399.62 200.00 GMRT band3
59287.956828 62.392892 0.000180 2.13 21.2778753 10.6242248 4.2930000 399.62 200.00 GMRT band3
59300.906655 62.393238 0.000177 1.85 21.6180068 11.4387087 4.1640000 399.62 200.00 GMRT band3
59308.954282 62.393404 0.000129 1.10 24.6659523 11.6173602 3.8420000 399.62 200.00 GMRT band3
59348.880150 62.393287 0.000114 1.07 22.5863531 10.7317645 3.3390000 399.23 200.00 GMRT band3
59359.880034 62.393084 0.000227 1.30 21.4922357 13.7286745 6.7170000 399.23 200.00 GMRT band3
59370.707060 62.393542 0.000302 2.14 24.3349766 17.2560781 4.1000000 399.23 200.00 GMRT band3
59380.715162 62.393694 0.000292 1.22 30.2456341 24.8165454 6.2680000 399.23 200.00 GMRT band3
59391.613252 62.393988 0.000239 3.20 28.4506504 19.4912938 4.3910000 399.23 200.00 GMRT band3
59403.683160 62.393813 0.000201 2.01 25.5802601 14.4196188 4.1100000 399.23 200.00 GMRT band3
59425.576736 62.393466 0.000167 1.67 21.5497832 12.2725918 3.7930000 399.22 200.00 GMRT band3
59441.457060 62.393601 0.000167 1.34 22.3266288 14.0112710 4.1980000 399.22 200.00 GMRT band3
59449.400521 62.393759 0.000272 2.33 27.6981018 16.5650995 4.3830000 399.22 200.00 GMRT band3
59460.407350 62.393362 0.000206 1.82 22.8721709 11.4949188 5.4740000 399.22 200.00 GMRT band3
59469.399595 62.392955 0.000199 2.09 19.8334947 11.1495203 3.7270000 399.22 200.00 GMRT band3
59481.403646 62.392887 0.000179 2.15 19.9626019 9.2145812 3.5370000 399.22 200.00 GMRT band3
59489.421643 62.393210 0.000220 1.91 22.8323544 18.0757707 4.0480000 399.22 200.00 GMRT band3
59496.376794 62.392873 0.000174 1.33 19.9552687 12.4860222 3.7790000 399.22 200.00 GMRT band3
59520.208449 62.392676 0.000133 1.39 15.5188090 8.2297471 3.1090000 399.22 200.00 GMRT band3
59531.198495 62.392051 0.000160 2.94 11.8386831 8.2588377 3.6320000 399.22 200.00 GMRT band3
59540.367650 62.391761 0.000182 1.63 13.6694908 13.2769738 3.2465000 399.22 200.00 GMRT band3
59551.155671 62.392047 0.000156 2.47 13.6248362 8.7118831 2.9960000 399.22 200.00 GMRT band3
59560.266724 62.392113 0.000182 1.89 11.2216713 9.6832932 3.7330000 399.22 200.00 GMRT band3
59569.167535 62.391406 0.000144 1.64 7.1463478 6.1060886 3.8580000 399.22 200.00 GMRT band3
59580.276909 62.391065 0.000150 1.40 5.6673002 5.7179030 4.3670000 399.22 200.00 GMRT band3
59590.239757 62.391316 0.000197 2.05 9.9220176 7.8280961 3.6500000 399.22 200.00 GMRT band3
59600.082697 62.391640 0.000182 1.34 7.2416497 5.7815392 3.7600000 399.22 200.00 GMRT band3
59610.077257 62.391163 0.000261 1.27 10.1051263 10.9743037 5.6500000 399.22 200.00 GMRT band3
59621.030208 62.390847 0.000164 0.96 3.4152462 3.6841694 3.6630000 399.22 200.00 GMRT band3
59629.932696 62.390716 0.000015 0.05 0.7112702 0.9331672 2.3910000 399.22 200.00 GMRT band3
59644.119386 62.390879 0.000112 1.71 5.0841167 5.4211892 2.9000000 399.22 200.00 GMRT band3
59649.923148 62.390621 0.000157 2.78 5.2126510 4.7725741 3.4070000 399.22 200.00 GMRT band3
59659.959838 62.390912 0.000120 1.53 5.4956234 5.7022800 2.8855000 399.22 200.00 GMRT band3
59671.864815 62.390830 0.000098 0.93 5.6251060 5.3386563 3.0315000 399.22 200.00 GMRT band3
59695.854572 62.390785 0.000244 0.79 8.6547212 9.9279318 7.5910000 399.22 200.00 GMRT band3
59705.817650 62.391116 0.000188 2.19 9.0310761 9.4122512 3.3685000 399.22 200.00 GMRT band3
59718.841493 62.391001 0.000199 2.04 9.3554080 10.8820856 3.5485000 399.22 200.00 GMRT band3
59725.885937 62.391238 0.000079 0.59 6.5992419 6.1798542 3.3540000 399.22 200.00 GMRT band3
59734.803183 62.391793 0.000225 1.94 15.6081507 15.2826257 5.5385000 399.22 200.00 GMRT band3
59746.685706 62.391267 0.000095 1.42 5.4969503 4.4305735 2.4330000 399.22 200.00 GMRT band3
59756.639236 62.391651 0.000210 1.52 8.5620380 10.3450169 4.2710000 399.22 200.00 GMRT band3
59767.665856 62.391551 0.000148 0.94 8.8728553 10.1941978 4.3160000 399.22 200.00 GMRT band3
59777.599768 62.391777 0.000191 0.69 12.4338139 15.8573436 7.2315000 399.22 200.00 GMRT band3
59788.596585 62.391352 0.000196 1.05 7.8854593 9.9533614 4.1590000 399.22 200.00 GMRT band3
59796.567882 62.391515 0.000201 1.71 10.8779157 11.5579823 4.4375000 399.22 200.00 GMRT band3
59805.531308 62.392111 0.000203 1.62 15.3705172 14.3323730 4.6880000 399.22 200.00 GMRT band3
59826.613079 62.391454 0.000188 2.09 9.2656288 9.6989304 3.8030000 399.22 200.00 GMRT band3
59846.413542 62.391743 0.000199 1.26 11.4912867 11.7259996 5.0570000 399.22 200.00 GMRT band3
59887.321007 62.391429 0.000192 1.12 7.9974425 6.6598559 4.0010000 399.22 200.00 GMRT band3
59897.201447 62.391946 0.000413 7.77 17.4868870 15.0098313 4.6410000 399.22 200.00 GMRT band3
59905.363252 62.392819 0.000600 2.79 21.4296313 25.0307824 10.3080000 399.22 200.00 GMRT band3
59917.328067 62.392185 0.000154 3.45 15.4583401 8.1660871 2.6260000 399.22 200.00 GMRT band3
59925.111632 62.391330 0.000188 2.60 8.7586511 9.9195582 3.8490000 399.22 200.00 GMRT band3
59936.148900 62.391161 0.000166 4.61 6.8297571 6.9292287 2.4200000 399.22 200.00 GMRT band3
59944.135185 62.391501 0.000146 2.02 8.6231802 10.3031398 3.4700000 399.22 200.00 GMRT band3
59954.046122 62.391519 0.000105 2.80 8.7633641 4.8901825 2.1110000 399.22 200.00 GMRT band3
59964.171817 62.391412 0.000247 1.44 12.1277661 15.1982405 7.2375000 399.22 200.00 GMRT band3
59974.092882 62.391102 0.000111 3.02 5.0740626 4.2009640 2.0910000 399.22 200.00 GMRT band3
59986.007812 62.391239 0.000173 2.99 8.2051529 9.6922214 3.4740000 399.22 200.00 GMRT band3
59993.945312 62.391470 0.000156 5.91 9.3389296 7.8472152 2.1180000 399.22 200.00 GMRT band3
60005.948669 62.391603 0.000169 1.51 8.9409465 11.1591646 4.2410000 399.22 200.00 GMRT band3
60013.967708 62.391431 0.000144 2.37 7.5825711 8.3785122 2.8530000 399.22 200.00 GMRT band3
60023.866319 62.391449 0.000179 3.22 10.4941213 11.6720292 3.3300000 399.22 200.00 GMRT band3
60033.909548 62.391367 0.000130 3.56 6.9528933 7.2139961 2.4750000 399.22 200.00 GMRT band3
60061.866261 62.391364 0.000145 1.09 7.2135196 12.0061776 3.7080000 399.22 200.00 GMRT band3
60070.782002 62.391819 0.000139 4.31 10.9601556 5.6032873 2.1810000 399.22 200.00 GMRT band3
60082.765220 62.391344 0.000159 2.85 6.7745163 7.3939003 3.0230000 399.22 200.00 GMRT band3
60089.729456 62.391147 0.000131 2.89 7.0468601 7.1314208 2.6215000 399.22 200.00 GMRT band3
60098.713657 62.391373 0.000163 3.25 9.8585301 10.6991484 3.0170000 399.22 200.00 GMRT band3
60107.667940 62.391364 0.000149 4.17 8.1155702 5.3656922 2.4100000 399.22 200.00 GMRT band3
60117.650173 62.391393 0.000222 1.24 9.9552884 12.1809749 4.7060000 399.22 200.00 GMRT band3
60128.671586 62.391322 0.000146 3.93 8.2404134 6.8286173 2.6400000 399.22 200.00 GMRT band3
60138.575521 62.391119 0.000178 1.89 7.7260190 9.1639538 3.5330000 399.22 200.00 GMRT band3
60149.569213 62.391062 0.000159 2.79 5.2569850 4.7870962 2.7365000 399.22 200.00 GMRT band3
60156.561979 62.391069 0.000175 1.44 6.6039893 10.8426545 4.2420000 399.22 200.00 GMRT band3
60164.576216 62.390891 0.000158 2.79 5.8656340 6.0139186 2.5630000 399.22 200.00 GMRT band3
60174.509780 62.390868 0.000158 1.86 5.2112263 7.0518321 3.8180000 399.22 200.00 GMRT band3
60184.443461 62.390824 0.000203 1.28 8.3376638 8.4623134 6.2885000 399.22 200.00 GMRT band3
60195.478298 62.390733 0.000413 1.20 11.6901117 17.9025176 5.4030000 399.22 200.00 GMRT band3
60203.403877 62.390667 0.000177 1.64 7.6511926 7.5741288 3.6475000 399.22 200.00 GMRT band3
60248.496991 62.390903 0.000193 3.51 6.4639507 6.1393291 3.4500000 399.22 200.00 GMRT band3
60259.255729 62.391371 0.000148 1.08 7.2429595 8.1840905 4.7210000 399.22 200.00 GMRT band3
60267.389178 62.391461 0.000195 2.41 9.7540233 7.6008839 4.5090000 399.22 200.00 GMRT band3
60286.210937 62.391623 0.000218 1.28 9.5955220 9.3892121 7.3860000 399.22 200.00 GMRT band3
60288.318055 62.392001 0.000157 2.88 13.1940874 6.2901311 3.1360000 399.22 200.00 GMRT band3
60301.135011 62.391810 0.000149 1.15 10.9810557 12.4959115 4.7530000 399.22 200.00 GMRT band3
60314.257928 62.391570 0.000164 4.21 9.2688875 9.5158370 2.8855000 399.22 200.00 GMRT band3
60318.095428 62.391344 0.000097 0.83 5.8092872 7.8412264 3.6290000 399.22 200.00 GMRT band3
60328.224363 62.391574 0.000102 0.44 9.1766778 4.3422929 6.6870000 399.95 200.00 GMRT band3
60338.167766 62.391460 0.000165 2.22 9.2792156 11.1141329 3.4200000 399.22 200.00 GMRT band3
60349.156539 62.391550 0.000145 2.98 8.7640405 7.2007653 3.1020000 399.22 200.00 GMRT band3
60358.976794 62.391563 0.000223 2.02 8.7888521 13.3311041 4.0025000 399.22 200.00 GMRT band3
60371.090451 62.391436 0.000127 3.05 7.6390445 5.7201497 2.6520000 399.22 200.00 GMRT band3
60377.968866 62.391206 0.000175 2.85 7.4022028 9.9312227 3.5110000 399.22 200.00 GMRT band3
60388.051910 62.391454 0.000150 4.58 8.3016835 6.6252639 2.7340000 399.22 200.00 GMRT band3
60397.883391 62.390963 0.000186 1.72 7.8848312 7.5823087 4.8870000 399.22 200.00 GMRT band3
