58276.739757 18.425768 0.000432 0.19 10.9398075 9.8749996 17.4680000 929.95 200.00 GMRT band3+5
58322.572396 18.425020 0.000446 0.14 17.1989323 6.9470969 20.7350000 929.95 200.00 GMRT band3+5
58340.541667 18.425985 0.000156 0.05 4.8388601 2.1985205 12.7025000 929.95 200.00 GMRT band3+5
58371.452431 18.426842 0.001031 0.66 19.2102351 18.6310317 27.1695000 929.95 200.00 GMRT band3+5
58389.327778 18.427287 0.000773 0.11 6.7886355 2.9510357 10.4275000 929.95 200.00 GMRT band3+5
58440.315683 18.426344 0.000404 0.33 6.2493555 6.3439364 13.7590000 929.95 200.00 GMRT band3+5
58453.225637 18.427330 0.000373 0.11 8.3531622 6.3678800 25.0800000 929.95 200.00 GMRT band3+5
58467.210591 18.426259 0.000565 0.45 10.2243505 10.2666514 15.3880000 929.95 200.00 GMRT band3+5
58481.167130 18.426323 0.000185 0.08 3.1843227 2.8998434 12.5995000 929.95 200.00 GMRT band3+5
58510.051679 18.426499 0.000739 1.73 13.0687953 13.7578401 16.4250000 929.95 200.00 GMRT band3+5
58524.034201 18.426092 0.000217 0.09 4.5936734 3.4269433 13.3335000 929.95 200.00 GMRT band3+5
58551.915683 18.426231 0.000470 0.73 8.5953639 7.8318613 10.1670000 929.95 200.00 GMRT band3+5
57684.431540 18.426601 0.000193 0.08 9.7350110 8.8722459 17.6820000 880.05 400.00 GMRT band3+5
57726.402373 18.426468 0.000366 1.61 14.9244760 14.4597939 11.6905000 880.05 400.00 GMRT band3+5
57740.317188 18.426300 0.000357 0.89 14.1754501 13.9268166 15.5290000 880.05 400.00 GMRT band3+5
57768.249132 18.426087 0.000220 0.49 8.8464963 10.1170468 13.3390000 880.05 400.00 GMRT band3+5
57782.149710 18.426708 0.000346 0.51 13.6153056 15.3629018 14.1805000 880.05 400.00 GMRT band3+5
57796.015451 18.426403 0.000154 0.79 3.0933397 3.0922613 5.5020000 880.05 400.00 GMRT band3+5
57823.964525 18.426464 0.000732 0.87 39.6275033 40.2479895 29.2990000 880.05 400.00 GMRT band3+5
57837.930497 18.426365 0.000755 2.66 35.1408019 34.9598859 20.4280000 880.05 400.00 GMRT band3+5
57897.911285 18.426316 0.000193 0.34 15.5884958 15.9887155 13.2075000 880.05 400.00 GMRT band3+5
57942.851447 18.426480 0.000322 0.74 13.5198087 12.5661146 13.4125000 880.05 400.00 GMRT band3+5
57956.683507 18.426890 0.000472 0.94 12.1248379 6.3306465 11.1020000 880.05 400.00 GMRT band3+5
57970.636632 18.426078 0.000177 0.35 4.7897939 6.6127990 10.2985000 880.05 400.00 GMRT band3+5
57985.608507 18.426960 0.000711 2.13 26.6503988 26.7009875 19.2550000 880.05 400.00 GMRT band3+5
57997.598322 18.426804 0.000104 0.10 8.6755580 4.4986168 14.5200000 880.05 400.00 GMRT band3+5
58012.526042 18.425839 0.000238 4.27 35.1367342 37.2319837 15.6660000 880.05 400.00 GMRT band3+5
58076.380613 18.426750 0.000595 1.49 408.8414434 410.2186966 17.5915000 880.00 400.00 GMRT band3+5
58133.130671 18.426155 0.000488 1.59 28.2429319 29.9935709 12.9645000 880.00 400.00 GMRT band3+5
58147.133449 18.426366 0.000138 0.06 2.6831785 2.4265051 15.5975000 880.00 400.00 GMRT band3+5
