57684.431540 18.426522 0.000134 0.02 1.0042081 1.8936860 7.9900000 400.05 200.00 GMRT band3
57698.378761 18.425417 0.000177 0.07 9.0969601 3.8890696 12.1160000 400.05 200.00 GMRT band3
57711.316609 18.428515 0.001428 1.25 22.1276249 21.8981053 15.5245000 400.05 200.00 GMRT band3
57726.402373 18.426501 0.000344 0.19 3.7765598 3.8318685 12.1645000 400.05 200.00 GMRT band3
57740.317188 18.424936 0.000303 0.10 19.5364835 18.3191958 15.5290000 400.05 200.00 GMRT band3
57754.221123 18.426681 0.000937 1.79 16.6528514 16.4176326 10.9575000 400.05 200.00 GMRT band3
57768.249132 18.426119 0.000451 0.28 6.7557796 5.0210936 13.5160000 400.05 200.00 GMRT band3
57782.149710 18.426477 0.000438 0.37 3.7284372 4.1563711 10.7830000 400.05 200.00 GMRT band3
57796.015451 18.426437 0.000185 0.11 3.0909403 3.0993955 9.2010000 400.05 200.00 GMRT band3
57809.930035 18.426948 0.000357 0.19 4.3316703 3.3591228 8.2280000 400.05 200.00 GMRT band3
57823.964525 18.426405 0.003548 1.66 40.8204130 41.1511012 35.2725000 400.05 200.00 GMRT band3
57837.930497 18.425406 0.001126 0.70 10.4881627 10.4814323 20.6335000 400.05 200.00 GMRT band3
57872.958565 18.427088 0.000171 0.02 4.4831360 0.9049023 8.7310000 400.05 200.00 GMRT band3
57885.832349 18.425800 0.000073 0.00 5.5621715 1.1734800 14.6000000 400.05 200.00 GMRT band3
57897.911285 18.426158 0.000122 0.04 3.9274608 3.4201143 9.5680000 400.05 200.00 GMRT band3
57911.859433 18.426847 0.000085 0.01 3.7361586 0.7046030 10.2600000 400.05 200.00 GMRT band3
57928.685706 18.426995 0.000121 0.02 5.4122317 1.6195029 15.0600000 400.05 200.00 GMRT band3
57942.851447 18.426885 0.001708 1.95 12.6933962 12.5383830 13.2380000 400.05 200.00 GMRT band3
57956.683507 18.427677 0.000360 0.03 8.7261876 5.0841256 24.3320000 400.05 200.00 GMRT band3
57970.636632 18.426533 0.000135 0.04 1.9561385 3.7897382 13.9720000 400.05 200.00 GMRT band3
57985.608507 18.425135 0.000786 0.11 18.9475751 24.9727752 29.0215000 400.05 200.00 GMRT band3
57997.598322 18.427140 0.000302 0.14 9.4225018 6.5220432 12.2655000 400.05 200.00 GMRT band3
58012.526042 18.425526 0.000156 0.01 9.1417092 12.5101141 9.1990000 400.05 200.00 GMRT band3
58048.375289 18.426484 0.000011 0.00 0.4769801 0.0497262 9.3020000 400.05 200.00 GMRT band3
58062.405903 18.426843 0.000208 0.65 14.9577888 12.6600048 12.5145000 400.05 200.00 GMRT band3
58076.380613 18.428056 0.000658 0.41 16.2381716 13.0512943 14.8470000 400.05 200.00 GMRT band3
58090.312732 18.426512 0.000255 0.08 2.9915795 2.3769549 13.9060000 400.05 200.00 GMRT band3
58118.189815 18.426284 0.000149 0.02 4.9204144 1.0208511 6.4750000 400.05 200.00 GMRT band3
58133.130671 18.426326 0.000179 0.10 4.1247648 3.4244240 9.3965000 400.05 200.00 GMRT band3
58147.133449 18.426473 0.000238 0.09 2.4765160 2.3223286 10.6690000 400.05 200.00 GMRT band3
58160.021065 18.425918 0.000282 0.99 27.2884112 26.0430651 20.4965000 400.05 200.00 GMRT band3
58187.966898 18.425896 0.000320 0.18 6.7900592 4.7243513 12.5855000 400.05 200.00 GMRT band3
