58241.854572 62.393769 0.000138 0.09 24.0813644 6.0542132 11.0260000 929.95 200.00 GMRT band3+5
58259.808623 62.392984 0.000219 0.60 20.0092443 9.0904792 8.3035000 929.95 200.00 GMRT band3+5
58276.768576 62.393097 0.000316 1.17 23.7095538 9.2011898 8.7125000 929.95 200.00 GMRT band3+5
58322.596354 62.393001 0.000304 1.07 22.6419455 8.0887144 8.1810000 929.95 200.00 GMRT band3+5
58340.564931 62.393141 0.000497 1.73 23.4444918 16.6064425 11.8880000 929.95 200.00 GMRT band3+5
58355.514178 62.393238 0.000184 0.36 25.4846500 6.0980173 8.7600000 929.95 200.00 GMRT band3+5
58371.475289 62.392429 0.000492 0.60 14.6558822 8.5317738 18.1520000 929.95 200.00 GMRT band3+5
58389.373438 62.393210 0.000312 0.95 25.0923892 7.8004615 8.6785000 929.95 200.00 GMRT band3+5
58440.340336 62.393166 0.000182 0.41 23.6815771 5.6399122 9.6760000 929.95 200.00 GMRT band3+5
58467.233970 62.393873 0.000276 0.19 23.6980371 12.7415255 23.3930000 929.95 200.00 GMRT band3+5
58481.201620 62.392817 0.000556 1.39 28.7408003 22.8699677 12.9855000 929.95 200.00 GMRT band3+5
58510.124306 62.391574 0.000700 0.95 33.1679328 31.0753408 19.4310000 929.95 200.00 GMRT band3+5
58524.108912 62.393078 0.000277 0.62 23.4164564 11.8604834 9.8340000 929.95 200.00 GMRT band3+5
58566.921470 62.393039 0.000212 0.39 23.0702639 8.6297195 8.4960000 929.95 200.00 GMRT band3+5
58781.342014 62.393284 0.000140 0.61 36.6679707 15.2192476 6.4525000 879.95 400.00 GMRT band3+5
58792.365567 62.393804 0.000125 2.10 44.7889736 7.4618190 5.8170000 879.95 400.00 GMRT band3+5
58804.392246 62.393837 0.000105 1.20 41.3591506 11.0076413 4.9700000 879.95 400.00 GMRT band3+5
58813.372512 62.394019 0.000170 1.44 44.2711928 14.8286640 6.4110000 879.95 400.00 GMRT band3+5
58837.244734 62.393629 0.000141 2.82 37.8291870 7.9935201 4.6795000 879.95 400.00 GMRT band3+5
58844.152084 62.393666 0.000160 2.63 38.5577512 13.3919888 4.9080000 879.95 400.00 GMRT band3+5
58854.102026 62.393730 0.000114 1.35 44.0893175 9.0249294 5.3550000 879.95 400.00 GMRT band3+5
58865.112327 62.393495 0.000091 1.81 37.9987481 9.0850495 4.4080000 879.95 400.00 GMRT band3+5
58892.997570 62.393401 0.000143 2.78 32.1982355 14.5088866 4.2875000 879.95 400.00 GMRT band3+5
58902.985359 62.393017 0.000138 2.32 32.5052922 7.8870507 4.4205000 879.95 400.00 GMRT band3+5
58914.089757 62.393698 0.000172 2.16 37.1849553 18.5876016 4.7410000 879.95 400.00 GMRT band3+5
58922.094850 62.392831 0.000145 1.60 30.9099032 8.3144253 6.2585000 879.95 400.00 GMRT band3+5
58992.922049 62.392968 0.000184 6.87 35.0949034 14.2446321 5.7575000 879.95 400.00 GMRT band3+5
59000.886979 62.391865 0.000185 3.56 35.7583288 24.3587419 7.8075000 879.95 400.00 GMRT band3+5
59008.734896 62.393256 0.000178 3.45 36.0424825 11.4524754 6.0325000 879.95 400.00 GMRT band3+5
59015.850752 62.393496 0.000154 2.70 39.7911356 10.7087575 6.4390000 879.95 400.00 GMRT band3+5
59022.777836 62.393210 0.000156 4.07 37.0214316 11.5653487 5.9090000 879.95 400.00 GMRT band3+5
59032.825173 62.393224 0.000160 4.28 38.2357809 13.1931399 5.7240000 879.95 400.00 GMRT band3+5
59037.808970 62.393036 0.000171 1.94 33.4650884 16.5742462 7.3620000 879.95 400.00 GMRT band3+5
59044.763368 62.391933 0.000302 9.09 36.7451843 26.4405835 8.3400000 879.95 400.00 GMRT band3+5
59062.560764 62.392818 0.000207 1.77 34.4414843 13.4903257 7.9270000 879.95 400.00 GMRT band3+5
59075.530961 62.392458 0.000196 1.62 33.3083224 24.5703099 13.9680000 879.95 400.00 GMRT band3+5
59082.528298 62.393107 0.000213 2.61 34.8386068 13.5782119 7.7160000 879.95 400.00 GMRT band3+5
59093.616030 62.392198 0.000225 1.81 25.8133965 11.8518077 7.6510000 879.95 400.00 GMRT band3+5
59100.573322 62.392672 0.000190 3.38 34.9953550 15.8894083 7.0110000 879.95 400.00 GMRT band3+5
59106.615220 62.393025 0.000179 4.62 33.2285283 12.5821321 6.7095000 879.95 400.00 GMRT band3+5
59113.499711 62.391351 0.000352 2.00 20.7532230 16.6263576 10.7050000 879.95 400.00 GMRT band3+5
59133.355845 62.392686 0.000177 4.38 31.0039811 13.8547717 6.9195000 879.95 400.00 GMRT band3+5
59187.327257 62.392616 0.000217 6.83 43.3960468 25.1318319 5.4590000 879.85 400.00 GMRT band3+5
59196.293924 62.392771 0.000215 8.26 36.2251726 14.4306244 4.8190000 879.85 400.00 GMRT band3+5
59208.327083 62.392407 0.000209 7.92 33.5478422 18.7662328 5.4480000 879.85 400.00 GMRT band3+5
59217.196122 62.392024 0.000188 3.94 27.0485986 12.4212180 4.4040000 879.85 400.00 GMRT band3+5
59230.140798 62.392327 0.000191 6.17 27.0304250 12.3811247 4.9015000 879.86 400.00 GMRT band3+5
59238.278877 62.392283 0.000183 5.78 26.1939327 12.1589095 4.8370000 879.86 400.00 GMRT band3+5
59264.060764 62.391909 0.000199 5.74 22.0505421 10.6319452 4.7335000 879.86 400.00 GMRT band3+5
59272.026910 62.391882 0.000150 3.15 26.3859725 13.6249189 4.7225000 879.86 400.00 GMRT band3+5
59280.944155 62.392299 0.000116 1.90 24.5633700 7.4574208 4.7220000 879.86 400.00 GMRT band3+5
59287.956828 62.391987 0.000154 4.28 22.0843891 9.5755478 4.5450000 879.86 400.00 GMRT band3+5
59300.906655 62.392071 0.000181 5.25 22.7521060 10.6337845 4.7415000 879.86 400.00 GMRT band3+5
59308.954282 62.392175 0.000184 6.14 23.7537974 12.2228540 4.3935000 879.86 400.00 GMRT band3+5
59348.880150 62.392029 0.000186 7.51 21.4942852 11.5006766 4.1495000 879.67 400.00 GMRT band3+5
59359.880034 62.391763 0.000146 2.86 21.9102108 12.5192925 6.6800000 879.67 400.00 GMRT band3+5
59370.707060 62.391695 0.000241 5.59 23.7693282 15.0521163 4.9935000 879.67 400.00 GMRT band3+5
59380.715162 62.391403 0.000211 4.14 28.0941794 22.3151208 6.3705000 879.67 400.00 GMRT band3+5
59391.613252 62.392069 0.000269 11.63 28.7484220 17.3546183 5.2430000 879.67 400.00 GMRT band3+5
59403.683160 62.392095 0.000296 10.67 23.1481814 17.6226431 4.9890000 879.67 400.00 GMRT band3+5
59425.576736 62.392028 0.000276 9.41 19.1119257 15.9192774 4.2860000 879.66 400.00 GMRT band3+5
59441.457060 62.391829 0.000262 9.04 20.7319547 13.7151607 4.7425000 879.66 400.00 GMRT band3+5
59449.400521 62.392425 0.000359 6.72 23.4158089 21.8959198 5.2230000 879.66 400.00 GMRT band3+5
59460.407350 62.392156 0.000273 5.81 20.3536795 16.7274532 5.9300000 879.66 400.00 GMRT band3+5
59469.399595 62.391792 0.000261 7.01 17.6512451 13.2000068 4.4520000 879.66 400.00 GMRT band3+5
59481.403646 62.392070 0.000239 5.97 16.7135405 15.8900475 4.4030000 879.66 400.00 GMRT band3+5
59489.421643 62.391346 0.000256 8.25 19.5001331 15.1411835 4.8145000 879.66 400.00 GMRT band3+5
59496.376794 62.391691 0.000267 5.90 16.4523872 14.9686627 4.2370000 879.66 400.00 GMRT band3+5
59520.208449 62.391820 0.000206 5.85 14.2944198 12.3680284 4.1935000 879.66 400.00 GMRT band3+5
59531.198495 62.391610 0.000167 4.55 14.1256120 13.8821874 4.0600000 879.66 400.00 GMRT band3+5
59540.367650 62.390805 0.000142 3.52 11.9159811 11.7363644 4.3450000 879.66 400.00 GMRT band3+5
59551.155671 62.391467 0.000147 4.25 12.4211791 9.8728454 4.0290000 879.66 400.00 GMRT band3+5
59569.167535 62.391004 0.000093 1.94 6.7368310 5.5438427 4.6345000 879.66 400.00 GMRT band3+5
59580.276909 62.390736 0.000109 1.65 6.5498056 6.5197044 4.9770000 879.66 400.00 GMRT band3+5
59590.239757 62.391118 0.000151 1.88 9.3454136 9.0600523 5.2050000 879.66 400.00 GMRT band3+5
59600.082697 62.391065 0.000118 1.79 6.7973789 5.7825673 4.9505000 879.66 400.00 GMRT band3+5
59610.077257 62.391043 0.000099 1.04 10.0853400 10.1176370 5.7275000 879.66 400.00 GMRT band3+5
59621.030208 62.390621 0.000100 0.96 4.9100568 4.3228691 5.2250000 879.66 400.00 GMRT band3+5
59629.932696 62.390790 0.000013 0.44 0.7184155 0.9239466 2.1775000 879.66 400.00 GMRT band3+5
59644.119386 62.390860 0.000074 1.43 5.4330062 5.1180471 3.0840000 879.66 400.00 GMRT band3+5
59649.923148 62.390637 0.000106 2.25 4.9187912 4.2415867 3.6520000 879.66 400.00 GMRT band3+5
59659.959838 62.390687 0.000087 1.60 5.1467968 5.0708827 3.3355000 879.66 400.00 GMRT band3+5
59671.864815 62.390631 0.000079 1.08 6.1793662 5.2465430 3.9450000 879.66 400.00 GMRT band3+5
59695.854572 62.390407 0.000123 0.88 9.4415175 9.5856496 7.8615000 879.66 400.00 GMRT band3+5
59705.817650 62.390685 0.000122 2.32 8.6963300 8.7145081 5.0010000 879.66 400.00 GMRT band3+5
59718.841493 62.390519 0.000125 2.25 9.2368464 9.6642532 4.3530000 879.66 400.00 GMRT band3+5
59725.885937 62.390796 0.000091 1.69 7.0801767 7.1469189 4.3025000 879.66 400.00 GMRT band3+5
59734.803183 62.390830 0.000172 3.35 13.9592789 13.6899986 5.5385000 879.66 400.00 GMRT band3+5
59756.639236 62.390396 0.000152 3.54 9.8086756 9.4380292 4.5160000 879.66 400.00 GMRT band3+5
59767.665856 62.390556 0.000152 3.00 8.5357267 9.0826043 4.4990000 879.66 400.00 GMRT band3+5
59777.599768 62.390342 0.000145 2.11 11.8982455 15.0358648 6.4880000 879.66 400.00 GMRT band3+5
59788.596585 62.390394 0.000133 2.03 8.6167703 8.7501248 4.8350000 879.66 400.00 GMRT band3+5
59796.567882 62.390575 0.000153 3.17 10.2686314 10.4088439 4.9410000 879.66 400.00 GMRT band3+5
59805.531308 62.390877 0.000183 4.13 13.9564422 13.6392004 5.5685000 879.66 400.00 GMRT band3+5
59826.613079 62.390692 0.000176 3.91 12.5913071 12.3947350 5.2200000 879.66 400.00 GMRT band3+5
59846.413542 62.390718 0.000185 2.89 13.1583155 13.1026686 5.4735000 879.66 400.00 GMRT band3+5
59887.321007 62.390997 0.000143 1.34 7.2120287 6.6757452 4.7480000 879.66 400.00 GMRT band3+5
59905.363252 62.390165 0.000237 4.18 20.4468864 23.0579480 9.0390000 879.66 400.00 GMRT band3+5
59925.111632 62.390548 0.000169 4.51 10.8885105 9.9818118 5.0540000 879.66 400.00 GMRT band3+5
59944.135185 62.390472 0.000168 6.39 11.6668650 10.4377011 4.3280000 879.66 400.00 GMRT band3+5
59964.171817 62.390183 0.000190 2.96 14.2292647 14.6004298 6.9925000 879.66 400.00 GMRT band3+5
59986.007812 62.390429 0.000187 6.55 12.4851179 10.4498297 4.0125000 879.66 400.00 GMRT band3+5
60005.948669 62.390431 0.000179 4.69 10.5093007 10.2971706 4.6410000 879.66 400.00 GMRT band3+5
60013.967708 62.390634 0.000184 6.97 11.8150502 10.9462353 3.9560000 879.66 400.00 GMRT band3+5
60023.866319 62.390568 0.000182 7.01 11.3640296 11.0621771 4.2210000 879.66 400.00 GMRT band3+5
60061.866261 62.390135 0.000164 4.61 13.0926544 10.5482788 4.8655000 879.66 400.00 GMRT band3+5
60082.765220 62.390658 0.000187 6.47 13.1861233 12.3464291 4.1175000 879.66 400.00 GMRT band3+5
60098.713657 62.390611 0.000201 8.12 15.1728854 14.1527810 3.7705000 879.66 400.00 GMRT band3+5
60117.650173 62.390260 0.000220 2.93 16.3722217 13.4218563 6.0060000 879.66 400.00 GMRT band3+5
60138.575521 62.390396 0.000190 3.88 13.1401969 10.8579036 4.6955000 879.66 400.00 GMRT band3+5
60156.561979 62.390087 0.000186 3.95 13.4159323 12.0886791 5.5900000 879.66 400.00 GMRT band3+5
60174.509780 62.390145 0.000190 4.63 17.6979547 11.4233312 4.5290000 879.66 400.00 GMRT band3+5
60195.478298 62.389712 0.000177 1.38 12.6837269 17.0177688 7.4320000 879.66 400.00 GMRT band3+5
60259.255729 62.390589 0.000190 3.17 13.7707480 12.6752601 5.2120000 879.66 400.00 GMRT band3+5
60286.210937 62.390797 0.000182 2.12 9.5586911 9.5852682 8.1680000 879.66 400.00 GMRT band3+5
60301.135011 62.390548 0.000194 5.12 11.4829608 11.8641146 5.0905000 879.66 400.00 GMRT band3+5
60318.095428 62.390498 0.000149 4.22 10.2471204 8.7050924 3.9570000 879.66 400.00 GMRT band3+5
60338.167766 62.390483 0.000208 6.87 14.0059551 12.5905182 4.4360000 879.66 400.00 GMRT band3+5
60358.976794 62.390087 0.000206 6.07 12.9823915 12.2382903 4.2365000 879.66 400.00 GMRT band3+5
60377.968866 62.390197 0.000191 7.40 15.9456796 11.7688268 4.2950000 879.66 400.00 GMRT band3+5
60397.883391 62.390912 0.000169 1.55 21.2551937 21.8773356 5.9650000 879.66 400.00 GMRT band3+5
