58259.921123 15.988147 0.000402 1.45 6.8006813 9.1980441 8.2350000 929.95 200.00 GMRT band3+5
58276.791551 15.988079 0.000084 0.05 3.4829050 2.9678556 10.7130000 929.95 200.00 GMRT band3+5
58340.587905 15.988399 0.000623 2.54 15.4116898 15.4439990 8.0890000 929.95 200.00 GMRT band3+5
58389.395544 15.988084 0.000286 0.47 13.0970294 14.6327982 16.1030000 929.95 200.00 GMRT band3+5
58440.363252 15.989216 0.000680 1.95 21.7981361 21.3418783 11.4600000 929.95 200.00 GMRT band3+5
58467.256887 15.990073 0.000245 0.06 16.2346407 10.7139334 36.2230000 929.95 200.00 GMRT band3+5
58481.223206 15.988224 0.000464 0.73 17.1479363 16.7271734 18.3170000 929.95 200.00 GMRT band3+5
58524.132002 15.988518 0.000271 0.51 5.7002165 5.6453536 9.3320000 929.95 200.00 GMRT band3+5
58552.133507 15.989037 0.000420 0.99 15.1419520 15.1752765 12.4230000 929.95 200.00 GMRT band3+5
58566.942419 15.987710 0.001067 2.26 22.7973958 22.6136829 18.2100000 929.95 200.00 GMRT band3+5
57684.458739 15.988777 0.000189 0.79 18.8338482 18.4095025 15.2930000 880.05 400.00 GMRT band3+5
57698.403415 15.989212 0.000192 0.70 13.5922525 12.6000057 10.8890000 880.05 400.00 GMRT band3+5
57726.425290 15.989199 0.000258 0.67 12.9932629 13.4984210 13.3150000 880.05 400.00 GMRT band3+5
57740.341146 15.988862 0.000212 0.73 15.2367297 14.8131421 17.4130000 880.05 400.00 GMRT band3+5
57754.243229 15.989176 0.000227 0.26 17.2395107 12.0786252 13.5450000 880.05 400.00 GMRT band3+5
57768.271007 15.989119 0.000291 0.88 18.3296039 15.0313513 18.2105000 880.05 400.00 GMRT band3+5
57782.171933 15.989016 0.000213 0.66 20.3620289 21.6402816 19.9210000 880.05 400.00 GMRT band3+5
57796.035591 15.988965 0.000287 0.50 15.4626985 18.5816046 19.1345000 880.05 400.00 GMRT band3+5
57823.990683 15.988155 0.000414 1.46 32.3179881 32.6733895 30.3810000 880.05 400.00 GMRT band3+5
57837.956771 15.987805 0.000451 1.05 19.9557857 18.9420226 13.9460000 880.05 400.00 GMRT band3+5
57885.858392 15.988600 0.000240 1.65 15.2739090 15.2496289 10.9310000 880.05 400.00 GMRT band3+5
57897.930498 15.989071 0.000249 1.64 16.9363332 13.3519602 10.5550000 880.05 400.00 GMRT band3+5
57911.879803 15.989033 0.000405 0.76 41.3915486 38.2156588 35.2155000 880.05 400.00 GMRT band3+5
57942.901447 15.988932 0.000285 0.96 37.8931834 37.2823196 20.5510000 880.05 400.00 GMRT band3+5
57997.616667 15.988254 0.000640 0.74 37.1890567 38.8746648 33.3100000 880.05 400.00 GMRT band3+5
58012.486170 15.988588 0.000262 1.26 20.3820262 20.3719654 17.6080000 880.05 400.00 GMRT band3+5
58076.316088 15.988143 0.000284 1.31 15.8043693 18.8164684 17.4830000 880.00 400.00 GMRT band3+5
58133.157523 15.989470 0.000251 0.22 12.5013990 14.2183323 23.5810000 880.00 400.00 GMRT band3+5
58147.157118 15.989535 0.000554 2.33 35.9596592 32.4514846 21.4400000 880.00 400.00 GMRT band3+5
58160.070313 15.988937 0.000222 0.43 15.5283878 14.0794177 17.2240000 880.00 400.00 GMRT band3+5
58781.381655 15.988715 0.000063 2.13 8.0555571 7.2547611 2.0195000 879.95 400.00 GMRT band3+5
58792.405382 15.988760 0.000049 1.55 5.8846148 4.1913761 2.4310000 879.95 400.00 GMRT band3+5
58804.303993 15.988969 0.000062 0.66 3.7052392 2.6758411 2.1110000 879.95 400.00 GMRT band3+5
58813.424248 15.988849 0.000030 17720.10 766.4993876 374.3492505 3.0235000 879.95 400.00 GMRT band3+5
58833.156887 15.988705 0.000036 0.57 5.9878840 5.3982142 2.8880000 879.95 400.00 GMRT band3+5
58844.102662 15.988794 0.000049 1.84 5.4989518 3.0897658 1.4370000 879.95 400.00 GMRT band3+5
58854.058449 15.988843 0.000063 2.61 5.3161091 2.9729936 1.4195000 879.95 400.00 GMRT band3+5
58865.155382 15.988848 0.000047 0.87 3.5270883 1.9872813 1.8355000 879.95 400.00 GMRT band3+5
58903.030266 15.988823 0.000072 1.88 5.9179127 3.9515903 2.3110000 879.95 400.00 GMRT band3+5
58914.043519 15.988790 0.000062 3.00 6.3969661 6.2894121 1.2785000 879.95 400.00 GMRT band3+5
58922.050116 15.988840 0.000061 1.50 5.5059157 3.3151661 2.0720000 879.95 400.00 GMRT band3+5
58993.006829 15.988690 0.000071 2.01 5.4882244 5.1040336 3.3225000 879.95 400.00 GMRT band3+5
59008.778125 15.988644 0.000075 1.82 6.6560320 6.4994942 3.6190000 879.95 400.00 GMRT band3+5
59015.894155 15.988744 0.000075 1.75 7.4924097 7.3963940 4.2850000 879.95 400.00 GMRT band3+5
59022.681944 15.988693 0.000033 0.46 1.6792916 2.1878164 1.9340000 879.95 400.00 GMRT band3+5
59032.908507 15.988725 0.000108 1.60 5.2595316 5.4607776 2.0920000 879.95 400.00 GMRT band3+5
59037.898322 15.988783 0.000060 0.92 4.7856664 3.3978751 3.6070000 879.95 400.00 GMRT band3+5
59044.852199 15.988727 0.000054 0.82 3.4237061 2.1431255 2.5960000 879.95 400.00 GMRT band3+5
59062.603819 15.988761 0.000039 0.78 5.7192635 4.0370775 3.2020000 879.95 400.00 GMRT band3+5
59075.574016 15.988898 0.000051 0.23 2.9426843 3.4110051 2.8720000 879.95 400.00 GMRT band3+5
59082.571470 15.988818 0.000056 0.99 6.8985837 4.7517908 2.8690000 879.95 400.00 GMRT band3+5
59093.659548 15.988863 0.000159 1.05 6.6068430 7.2193778 4.0110000 879.95 400.00 GMRT band3+5
59100.662963 15.988805 0.000054 1.15 4.9474423 2.9804117 2.5260000 879.95 400.00 GMRT band3+5
59106.658275 15.988781 0.000045 0.98 5.3439855 3.7309021 2.5205000 879.95 400.00 GMRT band3+5
59156.471354 15.988719 0.000082 1.46 5.5785850 4.4571313 2.8770000 879.85 400.00 GMRT band3+5
59166.377199 15.988736 0.000068 1.16 4.5578353 3.7618303 2.8050000 879.85 400.00 GMRT band3+5
59175.336632 15.988695 0.000036 0.92 3.1276918 2.0251079 1.6285000 879.85 400.00 GMRT band3+5
59187.371007 15.988639 0.000055 0.39 4.3381047 4.5122876 5.4890000 879.85 400.00 GMRT band3+5
59196.338252 15.988695 0.000080 2.98 4.7652759 3.9678385 2.2700000 879.85 400.00 GMRT band3+5
59208.370428 15.988611 0.000054 1.29 4.6420216 4.6186237 2.0745000 879.85 400.00 GMRT band3+5
59217.239525 15.988673 0.000037 0.87 3.4124966 2.8248092 2.4370000 879.85 400.00 GMRT band3+5
59230.185475 15.988634 0.000039 0.83 3.6644539 3.3919808 2.3185000 879.86 400.00 GMRT band3+5
59238.224826 15.988658 0.000050 1.26 2.9361916 2.4866613 2.4870000 879.86 400.00 GMRT band3+5
59252.081655 15.988717 0.000035 1.06 3.7046369 2.5216181 1.4720000 879.86 400.00 GMRT band3+5
59264.108507 15.988571 0.000041 0.70 2.6953609 2.6629889 3.6000000 879.86 400.00 GMRT band3+5
59272.073264 15.988633 0.000031 0.77 1.9327978 1.8621052 2.1060000 879.86 400.00 GMRT band3+5
59280.989641 15.988587 0.000037 1.34 2.9106935 2.9266392 1.9340000 879.86 400.00 GMRT band3+5
59288.001042 15.988614 0.000073 2.24 3.6800381 3.5121450 2.4285000 879.86 400.00 GMRT band3+5
59300.950926 15.988549 0.000010 0.12 0.9374136 1.2004107 1.2055000 879.86 400.00 GMRT band3+5
59309.056771 15.988611 0.000051 1.16 2.0411122 1.9873982 1.8850000 879.86 400.00 GMRT band3+5
