58241.877257 15.988573 0.000633 2.30 29.6698265 28.1436890 22.5740000 449.95 100.00 GMRT band3
58259.921123 15.987602 0.001889 1.90 6.6446464 6.8727399 8.2350000 449.95 100.00 GMRT band3
58276.791551 15.988690 0.000218 0.01 2.5034858 2.2481020 10.7130000 449.95 100.00 GMRT band3
58340.587905 15.991636 0.003039 2.86 17.3085607 17.6724402 8.0890000 449.95 100.00 GMRT band3
58355.544271 15.988078 0.000394 0.06 2.6101438 1.8915206 8.8020000 449.95 100.00 GMRT band3
58389.395544 15.989301 0.002087 0.56 14.3985382 15.1969688 17.7020000 449.95 100.00 GMRT band3
58440.363252 15.990412 0.003058 2.63 24.9875019 24.2443724 11.4600000 449.95 100.00 GMRT band3
58467.256887 15.993937 0.002060 0.04 14.4754888 11.5400389 46.3675000 449.95 100.00 GMRT band3
58481.223206 15.986268 0.003324 0.95 18.3511276 18.7219873 18.3170000 449.95 100.00 GMRT band3
58524.132002 15.989638 0.000854 0.51 6.4795412 6.6014767 9.3320000 449.95 100.00 GMRT band3
58552.133507 15.990452 0.002822 1.32 16.7513567 17.0382833 12.4230000 449.95 100.00 GMRT band3
58566.942419 15.989223 0.004001 2.78 23.5689661 24.8729124 17.1960000 449.95 100.00 GMRT band3
57684.458739 15.988465 0.000496 0.94 19.4516184 19.2155545 18.7445000 400.05 200.00 GMRT band3
57698.403415 15.989253 0.000509 0.83 13.5899571 13.1487928 11.8840000 400.05 200.00 GMRT band3
57711.337558 15.989906 0.000798 1.34 17.8836275 19.0072304 17.7370000 400.05 200.00 GMRT band3
57726.425290 15.989324 0.000593 0.78 13.0082702 14.1624762 13.9470000 400.05 200.00 GMRT band3
57740.341146 15.988658 0.000775 0.85 15.6035652 15.5260726 18.0295000 400.05 200.00 GMRT band3
57754.243229 15.989060 0.000228 0.16 7.9124395 6.3733604 11.8870000 400.05 200.00 GMRT band3
57768.271007 15.990271 0.000563 0.71 18.9575697 15.5059835 19.4540000 400.05 200.00 GMRT band3
57796.035591 15.987194 0.000470 0.16 15.9877007 18.7850910 19.7755000 400.05 200.00 GMRT band3
57809.949827 15.989066 0.000735 1.02 22.9584083 24.0814005 13.1020000 400.05 200.00 GMRT band3
57823.990683 15.988866 0.001568 1.73 33.0869741 33.4612207 34.1175000 400.05 200.00 GMRT band3
57837.956771 15.988164 0.000578 0.85 15.8712783 16.7783782 10.3010000 400.05 200.00 GMRT band3
57872.978067 15.995930 0.000217 1.36 21.9802735 21.4719421 19.4890000 400.05 200.00 GMRT band3
57885.858392 15.989011 0.000526 1.82 16.2039643 16.1862121 11.0605000 400.05 200.00 GMRT band3
57897.930498 15.990791 0.000722 1.41 15.7953035 13.5380736 20.6570000 400.05 200.00 GMRT band3
57911.879803 15.990814 0.001154 0.69 42.3531893 39.9470455 40.3200000 400.05 200.00 GMRT band3
57928.704572 15.987793 0.002697 0.96 63.0826412 66.7889392 46.5325000 400.05 200.00 GMRT band3
57956.705150 15.985934 0.002862 0.83 57.1830869 58.1993755 45.4790000 400.05 200.00 GMRT band3
57970.656308 15.985914 0.000773 0.37 21.7938861 19.8450903 20.7680000 400.05 200.00 GMRT band3
58012.486170 15.986314 0.000649 0.67 20.6928473 20.6830942 17.7460000 400.05 200.00 GMRT band3
58048.396702 15.988806 0.000183 1.02 27.4075702 15.2381140 15.0895000 400.05 200.00 GMRT band3
58062.429051 15.989531 0.001095 1.99 40.0426727 40.1450923 26.4825000 400.05 200.00 GMRT band3
58076.316088 15.990077 0.000555 0.52 16.0606022 19.0461838 19.6590000 400.05 200.00 GMRT band3
58090.336111 15.989440 0.000784 0.25 26.3853170 23.6834168 38.6490000 400.05 200.00 GMRT band3
58118.212616 15.989124 0.000281 2.63 61.6432261 60.7616480 30.9895000 400.05 200.00 GMRT band3
58133.157523 15.988803 0.000721 0.23 9.0175146 15.1739973 26.8800000 400.05 200.00 GMRT band3
58147.157118 15.989659 0.001397 2.69 36.7228868 33.7137836 22.3760000 400.05 200.00 GMRT band3
58160.070313 15.989947 0.000489 0.35 15.9986735 14.9609530 17.2240000 400.05 200.00 GMRT band3
58187.987558 15.987560 0.001134 1.74 37.2641078 40.6041019 30.4900000 400.05 200.00 GMRT band3
58781.381655 15.988826 0.000282 2.26 8.1336761 7.4087353 2.1775000 399.80 200.00 GMRT band3
58792.405382 15.988930 0.000116 1.57 5.4521794 4.3268490 2.4310000 399.80 200.00 GMRT band3
58804.303993 15.989023 0.000074 0.74 3.9557767 1.6631951 1.8695000 399.80 200.00 GMRT band3
58813.424248 15.988721 0.000091 0.71 2.5208416 328.7561939 2.4705000 399.80 200.00 GMRT band3
58833.156887 15.988765 0.000128 0.69 6.2350708 5.6554719 3.1980000 399.80 200.00 GMRT band3
58844.102662 15.988982 0.000088 1.48 5.2366069 3.3574129 1.5510000 399.80 200.00 GMRT band3
58854.058449 15.988882 0.000090 2.94 4.9170424 3.2286685 1.3535000 399.80 200.00 GMRT band3
58865.155382 15.988930 0.000060 0.78 2.5638854 1.5397799 1.6430000 399.80 200.00 GMRT band3
58893.040451 15.988787 0.000070 1.77 2.9218627 2.0110812 1.1980000 399.80 200.00 GMRT band3
58903.030266 15.989060 0.000128 1.56 6.0865350 4.2289596 2.3110000 399.80 200.00 GMRT band3
58914.043519 15.989100 0.000179 2.77 6.5548252 6.7800899 1.4010000 399.80 200.00 GMRT band3
58922.050116 15.988911 0.000120 1.63 5.3514947 3.4680795 2.4555000 399.80 200.00 GMRT band3
58993.006829 15.988777 0.000211 2.60 5.3426550 5.3827103 3.4350000 399.80 200.00 GMRT band3
59008.778125 15.989111 0.000239 1.66 6.8563903 6.7494092 4.7670000 399.80 200.00 GMRT band3
59015.894155 15.988447 0.000304 1.83 7.6071801 7.9152639 6.1150000 399.80 200.00 GMRT band3
59022.681944 15.988523 0.000150 0.53 1.6221834 2.3834196 1.9810000 399.80 200.00 GMRT band3
59032.908507 15.988762 0.000136 1.89 3.0007060 2.7220007 1.6030000 399.80 200.00 GMRT band3
59037.898322 15.988838 0.000172 1.16 4.2607649 3.5360143 3.7470000 399.80 200.00 GMRT band3
59044.852199 15.988803 0.000105 0.90 2.3047023 1.7746069 2.5960000 399.80 200.00 GMRT band3
59062.603819 15.988906 0.000120 0.84 5.5256756 4.2611005 3.3905000 399.80 200.00 GMRT band3
59075.574016 15.989030 0.000169 0.24 1.3587353 3.6192844 2.5480000 399.80 200.00 GMRT band3
59082.571470 15.989029 0.000181 1.13 5.8881355 4.7903526 3.0940000 399.80 200.00 GMRT band3
59093.659548 15.988961 0.000172 1.00 6.2009072 5.4373359 3.1230000 399.80 200.00 GMRT band3
59100.662963 15.988809 0.000123 1.30 3.4648054 2.8839639 2.5260000 399.80 200.00 GMRT band3
59106.658275 15.988619 0.000092 0.79 1.9983641 2.5374848 2.5205000 399.80 200.00 GMRT band3
59133.398785 15.988818 0.000082 1.25 2.3695125 1.3866120 1.5005000 399.80 200.00 GMRT band3
59156.471354 15.989021 0.000194 1.35 5.7295394 4.7227946 2.9465000 399.61 200.00 GMRT band3
59166.377199 15.988972 0.000084 0.53 4.6855783 3.7990446 2.8330000 399.61 200.00 GMRT band3
59175.336632 15.988762 0.000070 1.05 2.1720730 1.6644915 1.4265000 399.61 200.00 GMRT band3
59187.371007 15.988537 0.000148 0.37 4.4465136 4.7740046 5.5870000 399.61 200.00 GMRT band3
59196.338252 15.988671 0.000170 3.60 4.2350316 3.9328771 2.0760000 399.61 200.00 GMRT band3
59208.370428 15.988536 0.000185 1.52 4.8739251 4.8802950 2.1950000 399.61 200.00 GMRT band3
59217.239525 15.988787 0.000120 0.99 3.4019253 2.9723389 2.5410000 399.61 200.00 GMRT band3
59230.185475 15.988608 0.000116 1.00 3.0017183 3.0382922 2.5690000 399.62 200.00 GMRT band3
59238.224826 15.988837 0.000146 1.36 2.9926328 2.6402355 3.1350000 399.62 200.00 GMRT band3
59252.081655 15.988796 0.000062 1.04 3.6920683 2.7645011 1.4985000 399.62 200.00 GMRT band3
59264.108507 15.988594 0.000148 0.83 2.8149167 2.7670229 4.1190000 399.62 200.00 GMRT band3
59272.073264 15.988565 0.000090 0.91 1.9939633 2.0010087 2.1085000 399.62 200.00 GMRT band3
59280.989641 15.988689 0.000091 1.46 3.1442976 3.1589706 2.0300000 399.62 200.00 GMRT band3
59288.001042 15.988774 0.000117 2.22 4.4434906 4.3256393 2.0200000 399.62 200.00 GMRT band3
59300.950926 15.988578 0.000016 0.08 0.3179475 0.2667514 1.2055000 399.62 200.00 GMRT band3
59309.056771 15.988686 0.000088 1.23 2.1576419 2.1227461 1.8850000 399.62 200.00 GMRT band3

