58241.899537 9.624736 0.000629 0.31 140.3287559 117.1505384 55.5310000 929.95 200.00 GMRT band3+5
58259.949479 9.624997 0.000696 1.56 30.7974477 16.4305372 7.2945000 929.95 200.00 GMRT band3+5
58276.814178 9.624884 0.000450 0.87 35.0809299 14.2100080 10.2790000 929.95 200.00 GMRT band3+5
58322.643056 9.624142 0.000707 0.94 36.6917517 9.9899120 5.9610000 929.95 200.00 GMRT band3+5
58340.610706 9.625659 0.000356 0.76 12.9332059 6.5670271 7.4190000 929.95 200.00 GMRT band3+5
58355.567245 9.625474 0.000213 0.33 32.5999799 18.5978850 5.5155000 929.95 200.00 GMRT band3+5
58371.523438 9.625595 0.001438 1.24 31.1686926 23.9793418 24.2070000 929.95 200.00 GMRT band3+5
58389.417593 9.624024 0.000398 0.39 40.2014066 13.3404757 11.9880000 929.95 200.00 GMRT band3+5
58440.386574 9.626640 0.000113 0.03 36.2399042 31.4884938 19.7620000 929.95 200.00 GMRT band3+5
58481.244503 9.625538 0.000433 1.13 75.1930920 58.3092625 12.3520000 929.95 200.00 GMRT band3+5
58524.154803 9.626086 0.000332 0.59 28.4974756 19.8565585 10.3320000 929.95 200.00 GMRT band3+5
58552.154803 9.626120 0.000410 0.56 25.9106387 19.4150657 6.1455000 929.95 200.00 GMRT band3+5
58566.963484 9.626168 0.000304 0.32 18.1611727 9.6923617 9.7860000 929.95 200.00 GMRT band3+5
57684.480267 9.625193 0.000313 0.87 35.5133719 32.2058089 24.7710000 880.05 400.00 GMRT band3+5
57698.421934 9.624949 0.000125 0.79 31.9087321 26.1812770 15.2740000 880.05 400.00 GMRT band3+5
57711.356193 9.624695 0.000147 0.74 28.6204214 13.5430153 12.5290000 880.05 400.00 GMRT band3+5
57726.447049 9.625270 0.000246 1.34 48.0649052 38.3204207 15.3060000 880.05 400.00 GMRT band3+5
57754.262905 9.624770 0.000178 1.57 31.9918000 20.3682674 8.8540000 880.05 400.00 GMRT band3+5
57768.291146 9.624602 0.000175 1.20 37.7951642 24.9550697 9.0705000 880.05 400.00 GMRT band3+5
57782.191610 9.625070 0.000165 1.12 35.5553546 22.5260304 10.6735000 880.05 400.00 GMRT band3+5
57796.055035 9.624878 0.000138 0.93 30.1648246 14.9332535 10.3740000 880.05 400.00 GMRT band3+5
57809.969040 9.624962 0.000194 1.06 33.9381929 14.4976336 12.1690000 880.05 400.00 GMRT band3+5
57824.010359 9.624203 0.000767 1.32 78.2117484 68.4241711 44.6640000 880.05 400.00 GMRT band3+5
57837.976100 9.624454 0.000122 1.06 32.9630233 16.2674014 11.5385000 880.05 400.00 GMRT band3+5
57872.996123 9.624940 0.000129 1.17 33.5005556 23.3065077 8.5750000 880.05 400.00 GMRT band3+5
57885.876100 9.624692 0.000134 1.05 51.5411982 32.4726612 8.9995000 880.05 400.00 GMRT band3+5
57897.948611 9.624798 0.000156 1.34 73.5325581 74.3731768 8.3785000 880.05 400.00 GMRT band3+5
57911.898207 9.624541 0.000169 0.92 32.3458643 30.2799413 11.2380000 880.05 400.00 GMRT band3+5
57928.722859 9.624712 0.000227 0.94 48.7605880 38.6819762 30.1555000 880.05 400.00 GMRT band3+5
57942.872164 9.624834 0.000135 1.26 28.7997460 12.8120515 10.6800000 880.05 400.00 GMRT band3+5
57956.724363 9.624798 0.000434 1.25 49.1747378 64.9533135 22.6050000 880.05 400.00 GMRT band3+5
57970.675174 9.624862 0.000243 1.45 70.8692220 68.3842055 12.1790000 880.05 400.00 GMRT band3+5
57985.646470 9.625147 0.000262 0.99 32.3641140 25.6458842 23.0240000 880.05 400.00 GMRT band3+5
57997.635590 9.624530 0.000231 1.11 37.7249803 24.2467117 20.0340000 880.05 400.00 GMRT band3+5
58012.546586 9.625265 0.000309 1.67 43.6010698 30.6085105 17.1365000 880.05 400.00 GMRT band3+5
58062.449711 9.625011 0.000162 0.79 30.0916078 14.7373818 14.3310000 880.00 400.00 GMRT band3+5
58076.405787 9.625293 0.000182 1.40 61.7067126 50.3524860 11.9230000 880.00 400.00 GMRT band3+5
58133.178415 9.625189 0.000183 1.23 34.7727962 27.1941862 19.9060000 880.00 400.00 GMRT band3+5
58147.177952 9.625059 0.000183 0.74 23.4602240 16.7521521 15.9530000 880.00 400.00 GMRT band3+5
58160.090625 9.625085 0.000184 1.25 31.1567587 19.2754411 13.6770000 880.00 400.00 GMRT band3+5
58188.008449 9.625096 0.000154 1.03 28.3263756 17.2639215 10.7660000 880.00 400.00 GMRT band3+5
59695.919097 9.626481 0.000293 6.92 27.6876823 23.1672885 7.8520000 879.66 400.00 GMRT band3+5
59705.920080 9.627328 0.000271 5.96 27.8940021 28.5258080 10.6650000 879.66 400.00 GMRT band3+5
59725.913136 9.626511 0.000251 9.29 20.9235228 19.6291182 6.6910000 879.66 400.00 GMRT band3+5
59734.898668 9.626571 0.000232 5.89 25.1463844 22.2276562 8.8310000 879.66 400.00 GMRT band3+5
59756.735590 9.625679 0.000243 11.20 23.1998837 18.4417867 5.6510000 879.66 400.00 GMRT band3+5
59767.766724 9.626602 0.000164 7.58 12.4522665 11.6414983 3.9080000 879.66 400.00 GMRT band3+5
59777.698785 9.626359 0.000211 10.31 20.8819662 18.1503907 4.1085000 879.66 400.00 GMRT band3+5
59788.698727 9.626505 0.000203 8.34 14.7289842 13.7298801 5.0790000 879.66 400.00 GMRT band3+5
59796.670544 9.626323 0.000169 6.87 23.9149079 18.6481179 4.0260000 879.66 400.00 GMRT band3+5
59805.636979 9.626578 0.000254 8.05 16.8235718 16.8671795 4.7115000 879.66 400.00 GMRT band3+5
59816.669734 9.626401 0.000123 4.02 14.1873645 10.7586341 3.4810000 879.66 400.00 GMRT band3+5
59826.513252 9.626535 0.000177 9.93 17.3259014 16.3667828 3.7860000 879.66 400.00 GMRT band3+5
59846.607060 9.626392 0.000391 16.05 19.7596206 19.4862610 7.8845000 879.66 400.00 GMRT band3+5
59887.350405 9.626647 0.000156 7.16 12.1500089 10.1001733 4.2980000 879.66 400.00 GMRT band3+5
59905.295891 9.626637 0.000116 7.57 10.2029240 7.9531085 2.8110000 879.66 400.00 GMRT band3+5
59925.180382 9.628638 0.000422 21.04 40.3216711 28.5874865 9.8340000 879.66 400.00 GMRT band3+5
59944.250057 9.626329 0.000242 8.92 20.3665275 22.6255384 6.5900000 879.66 400.00 GMRT band3+5
59964.242997 9.626670 0.000187 7.28 13.0421704 13.0068769 4.2610000 879.66 400.00 GMRT band3+5
59986.087789 9.626945 0.000128 6.02 7.5083852 7.6559326 3.4475000 879.66 400.00 GMRT band3+5
60013.996354 9.626990 0.000157 8.49 13.7359826 13.6639881 4.0420000 879.66 400.00 GMRT band3+5
60023.896817 9.626785 0.000165 6.48 21.7633777 23.2802454 4.0730000 879.66 400.00 GMRT band3+5
60061.935705 9.627110 0.000192 8.74 13.4987268 13.4880931 4.6670000 879.66 400.00 GMRT band3+5
60082.794270 9.626798 0.000127 6.89 13.5639939 12.7313601 3.3180000 879.66 400.00 GMRT band3+5
60098.747511 9.627051 0.000008 0.40 5.2268488 5.2388505 0.8190000 879.66 400.00 GMRT band3+5
60117.750173 9.627267 0.000158 7.55 9.8501837 10.3805465 3.7650000 879.66 400.00 GMRT band3+5
60138.676678 9.627036 0.000167 8.25 12.4878911 12.4917944 4.1685000 879.66 400.00 GMRT band3+5
60156.659375 9.627473 0.000276 12.06 17.4582705 17.6207628 4.7055000 879.66 400.00 GMRT band3+5
60174.538483 9.627230 0.000105 4.55 14.8877067 15.4905215 2.8610000 879.66 400.00 GMRT band3+5
60195.506655 9.627500 0.000320 8.16 13.2375545 12.8485110 5.3885000 879.66 400.00 GMRT band3+5
60259.312094 9.627441 0.000188 9.06 14.3015423 15.0710446 4.1060000 879.66 400.00 GMRT band3+5
60286.275983 9.628297 0.000233 6.74 29.9835965 20.7669132 7.0580000 879.66 400.00 GMRT band3+5
60301.162094 9.628244 0.000238 8.15 23.2406649 14.9456050 5.5730000 879.66 400.00 GMRT band3+5
60318.153530 9.627792 0.000144 8.02 13.2894956 10.4770261 3.7380000 879.66 400.00 GMRT band3+5
60338.224653 9.627479 0.000195 14.29 12.5501211 12.9217963 3.3480000 879.66 400.00 GMRT band3+5
60359.034548 9.627169 0.000123 7.05 12.8913793 12.9596014 2.9315000 879.66 400.00 GMRT band3+5
60378.025984 9.627784 0.000140 8.64 12.7232246 15.5429884 3.2645000 879.66 400.00 GMRT band3+5
60397.968460 9.627124 0.000110 5.50 62.4941575 62.4135680 2.7875000 879.66 400.00 GMRT band3+5
