58241.899537 9.628197 0.002654 0.22 25.3785351 25.7200869 55.5310000 449.95 100.00 GMRT band3
58259.949479 9.624102 0.001278 1.61 10.6254310 9.3822052 5.6340000 449.95 100.00 GMRT band3
58276.814178 9.628203 0.000201 0.01 4.3061690 10.6777731 9.3465000 449.95 100.00 GMRT band3
58322.643056 9.624551 0.001126 1.24 7.2885787 9.2428970 5.4590000 449.95 100.00 GMRT band3
58340.610706 9.627128 0.000985 0.70 4.2955437 5.4406900 5.6550000 449.95 100.00 GMRT band3
58355.567245 9.625345 0.000168 0.03 5.6142966 1.5325115 4.2355000 449.95 100.00 GMRT band3
58371.523438 9.629342 0.004268 1.44 25.6188274 26.1244312 23.8190000 449.95 100.00 GMRT band3
58389.417593 9.624429 0.001457 0.48 14.0122680 10.3882832 11.2885000 449.95 100.00 GMRT band3
58440.386574 9.625161 0.000357 0.00 4.5314697 3.6791081 19.7620000 449.95 100.00 GMRT band3
58481.244503 9.622980 0.001835 1.05 13.6952092 12.2828541 12.3520000 449.95 100.00 GMRT band3
58524.154803 9.626830 0.000945 0.53 9.5839892 8.7086993 10.3320000 449.95 100.00 GMRT band3
58552.154803 9.625362 0.000108 0.01 4.4525603 1.9984896 5.6570000 449.95 100.00 GMRT band3
58566.963484 9.625411 0.000981 0.36 5.6271131 4.6003772 8.7170000 449.95 100.00 GMRT band3
57684.480267 9.625134 0.000340 0.92 29.3675835 24.7839798 23.3910000 400.05 200.00 GMRT band3
57698.421934 9.624896 0.000220 0.74 25.1187865 14.8816935 15.2385000 400.05 200.00 GMRT band3
57711.356193 9.624708 0.000194 0.79 24.2566208 13.9949030 12.4590000 400.05 200.00 GMRT band3
57726.447049 9.624964 0.000274 1.16 25.5311256 19.7524791 15.1800000 400.05 200.00 GMRT band3
57740.361979 9.626959 0.000392 1.07 35.1963271 35.4355539 24.1670000 400.05 200.00 GMRT band3
57754.262905 9.624671 0.000199 1.59 25.2903623 15.3717378 8.7580000 400.05 200.00 GMRT band3
57768.291146 9.624549 0.000182 1.18 23.4867552 11.1586404 8.9120000 400.05 200.00 GMRT band3
57782.191610 9.625233 0.000197 1.09 20.8355546 13.3220413 10.2665000 400.05 200.00 GMRT band3
57796.055035 9.624971 0.000187 0.94 21.0286022 12.8696073 10.0980000 400.05 200.00 GMRT band3
57809.969040 9.624959 0.000210 1.13 25.6558499 14.8144821 11.6535000 400.05 200.00 GMRT band3
57824.010359 9.624153 0.000826 1.32 59.1924871 54.7668040 43.4920000 400.05 200.00 GMRT band3
57837.976100 9.624337 0.000204 1.06 28.3043020 13.3718892 11.4770000 400.05 200.00 GMRT band3
57872.996123 9.624904 0.000163 1.21 22.2855930 11.4426466 8.4235000 400.05 200.00 GMRT band3
57885.876100 9.624715 0.000149 0.99 21.2956137 9.8806887 8.1430000 400.05 200.00 GMRT band3
57897.948611 9.624766 0.000135 0.98 23.4425941 10.1699726 8.1610000 400.05 200.00 GMRT band3
57911.898207 9.624450 0.000172 0.90 25.3609352 12.9981062 10.5770000 400.05 200.00 GMRT band3
57928.722859 9.624763 0.000520 0.96 47.1934138 39.1739168 30.5130000 400.05 200.00 GMRT band3
57942.872164 9.624669 0.000200 1.32 24.7882748 13.3118621 10.5625000 400.05 200.00 GMRT band3
57956.724363 9.624516 0.000452 1.23 35.7792884 31.7694247 22.4090000 400.05 200.00 GMRT band3
57970.675174 9.624796 0.000239 1.38 27.2821366 17.1340068 12.1410000 400.05 200.00 GMRT band3
57985.646470 9.625643 0.000509 1.05 30.7513216 26.7536942 23.0240000 400.05 200.00 GMRT band3
57997.635590 9.624965 0.000337 1.15 29.6262905 25.1522135 19.9500000 400.05 200.00 GMRT band3
58012.546586 9.624921 0.000365 1.67 34.4239331 26.5622410 16.8740000 400.05 200.00 GMRT band3
58048.416898 9.624748 0.000171 0.90 21.2772072 10.3901438 10.1980000 400.05 200.00 GMRT band3
58062.449711 9.625020 0.000208 0.84 21.5956468 13.8555378 13.3970000 400.05 200.00 GMRT band3
58076.405787 9.625339 0.000208 1.38 22.1337822 15.7289334 11.6420000 400.05 200.00 GMRT band3
58090.356713 9.625185 0.000167 0.76 19.9741338 11.1104383 10.3385000 400.05 200.00 GMRT band3
58105.317303 9.628626 0.000310 0.83 23.7176892 18.4238675 17.6470000 400.05 200.00 GMRT band3
58118.233797 9.625164 0.000309 0.75 23.2062402 19.2798030 20.9680000 400.05 200.00 GMRT band3
58133.178415 9.625272 0.000373 1.34 34.0321949 28.1200599 20.5205000 400.05 200.00 GMRT band3
58147.177952 9.624959 0.000214 0.72 22.4073991 14.2841952 15.2660000 400.05 200.00 GMRT band3
58160.090625 9.625477 0.000248 1.14 20.3704663 17.1704083 13.5900000 400.05 200.00 GMRT band3
58188.008449 9.625085 0.000172 0.99 22.3798866 13.0374006 10.1610000 400.05 200.00 GMRT band3
59695.919097 9.626532 0.000326 7.73 23.1527587 22.5940853 7.5165000 399.22 200.00 GMRT band3
59705.920080 9.627702 0.000361 6.31 29.4665753 29.8229672 10.3410000 399.22 200.00 GMRT band3
59718.943924 9.625080 0.000361 14.03 25.4625280 23.9590428 7.0410000 399.22 200.00 GMRT band3
59725.913136 9.626459 0.000304 10.38 21.5089318 21.4903661 6.3460000 399.22 200.00 GMRT band3
59734.898668 9.626609 0.000262 6.72 21.5095113 21.3481798 7.4810000 399.22 200.00 GMRT band3
59746.758854 9.626354 0.000131 7.29 9.7801281 9.3261508 2.8140000 399.22 200.00 GMRT band3
59756.735590 9.625531 0.000273 11.88 23.2071010 19.3910127 5.2680000 399.22 200.00 GMRT band3
59767.766724 9.626587 0.000193 8.40 12.2226925 12.1654115 3.8500000 399.22 200.00 GMRT band3
59777.698785 9.626351 0.000230 11.49 16.8899729 15.1396103 3.7310000 399.22 200.00 GMRT band3
59788.698727 9.626461 0.000244 9.49 14.1615325 13.7338152 4.7000000 399.22 200.00 GMRT band3
59796.670544 9.626269 0.000195 7.76 12.4742303 10.9312609 3.7530000 399.22 200.00 GMRT band3
59805.636979 9.626575 0.000285 8.86 16.0099179 15.4242403 4.4610000 399.22 200.00 GMRT band3
59816.669734 9.626385 0.000141 4.51 9.3845008 8.6845677 3.3590000 399.22 200.00 GMRT band3
59826.513252 9.626542 0.000188 10.79 15.4487123 14.3721360 3.6570000 399.22 200.00 GMRT band3
59846.607060 9.626338 0.000425 17.29 20.7073252 19.1401728 7.5665000 399.22 200.00 GMRT band3
59887.350405 9.626644 0.000173 7.93 10.5328075 10.2830632 3.7685000 399.22 200.00 GMRT band3
59897.228298 9.626949 0.000152 4.41 12.3719469 12.1612047 4.0040000 399.22 200.00 GMRT band3
59905.295891 9.626607 0.000131 8.41 9.0092503 8.0582551 2.7530000 399.22 200.00 GMRT band3
59917.353761 9.627488 0.000111 7.22 8.9862511 7.8341550 2.5110000 399.22 200.00 GMRT band3
59925.180382 9.628589 0.000470 23.24 25.8455654 24.3319041 8.8490000 399.22 200.00 GMRT band3
59936.172974 9.627121 0.000164 8.00 12.2103406 12.0125929 3.5565000 399.22 200.00 GMRT band3
59944.250057 9.626268 0.000262 9.79 23.8452410 23.9498348 5.9680000 399.22 200.00 GMRT band3
59954.099016 9.626918 0.000119 7.18 8.7092870 8.6951390 2.8535000 399.22 200.00 GMRT band3
59964.242997 9.626645 0.000214 8.31 14.0104888 14.1479488 3.8780000 399.22 200.00 GMRT band3
59974.117477 9.626794 0.000123 8.57 9.3986239 8.9965943 2.3370000 399.22 200.00 GMRT band3
59986.087789 9.626936 0.000144 6.73 8.4026351 8.3871901 3.2755000 399.22 200.00 GMRT band3
59993.973495 9.626903 0.000099 5.29 6.7893415 6.7670791 2.5825000 399.22 200.00 GMRT band3
60005.977141 9.626967 0.000166 7.76 10.6124799 10.5439581 4.0015000 399.22 200.00 GMRT band3
60013.996354 9.626997 0.000169 9.40 13.1963783 13.1277505 3.7290000 399.22 200.00 GMRT band3
60023.896817 9.626755 0.000186 7.26 10.6636335 9.9399230 3.8040000 399.22 200.00 GMRT band3
60033.957581 9.626966 0.000108 6.50 7.2579953 7.1606877 2.4595000 399.22 200.00 GMRT band3
60061.935705 9.627093 0.000224 9.83 14.2652384 14.2963410 4.5430000 399.22 200.00 GMRT band3
60070.804803 9.626832 0.000109 7.37 8.0792816 7.7182762 2.3910000 399.22 200.00 GMRT band3
60082.794270 9.626786 0.000138 7.68 10.5824012 10.0599111 3.1470000 399.22 200.00 GMRT band3
60089.752141 9.627278 0.000111 5.72 6.7789874 6.7163361 2.5430000 399.22 200.00 GMRT band3
60098.747511 9.627051 0.000008 0.41 0.5003008 0.4985938 0.8080000 399.22 200.00 GMRT band3
60107.718923 9.626794 0.000100 5.42 6.1336028 6.1732875 2.3920000 399.22 200.00 GMRT band3
60117.750173 9.627295 0.000169 8.27 10.7716652 10.3474906 3.6000000 399.22 200.00 GMRT band3
60128.720891 9.627108 0.000096 5.07 7.0436892 7.1826536 2.5440000 399.22 200.00 GMRT band3
60138.676678 9.627028 0.000183 9.21 13.0637971 13.0673553 3.8980000 399.22 200.00 GMRT band3
60149.592014 9.627191 0.000125 7.27 8.4965716 8.6265622 2.7360000 399.22 200.00 GMRT band3
60156.659375 9.627513 0.000319 13.25 19.8811524 19.7794253 4.3700000 399.22 200.00 GMRT band3
60164.649942 9.627397 0.000147 6.47 10.8020374 10.5278502 3.5140000 399.22 200.00 GMRT band3
60174.538483 9.627234 0.000116 5.19 7.0448098 6.9314658 2.7950000 399.22 200.00 GMRT band3
60184.500057 9.627481 0.000176 10.18 11.0592973 11.5114071 3.1825000 399.22 200.00 GMRT band3
60195.506655 9.627526 0.000459 9.59 14.6465944 14.9637495 4.7830000 399.22 200.00 GMRT band3
60203.454224 9.627580 0.000135 8.16 9.4844454 8.9299434 2.7550000 399.22 200.00 GMRT band3
60248.420833 9.627307 0.000117 8.83 8.5065641 8.1762817 2.4130000 399.22 200.00 GMRT band3
60259.312094 9.627459 0.000206 10.16 13.3705587 14.0155470 4.0185000 399.22 200.00 GMRT band3
60267.367882 9.627332 0.000152 7.48 11.1206390 10.9425103 3.1770000 399.22 200.00 GMRT band3
60286.275983 9.628214 0.000260 7.32 16.5743800 14.5115440 6.4870000 399.22 200.00 GMRT band3
60288.364930 9.628129 0.000153 7.14 13.4049139 8.2139922 3.3400000 399.22 200.00 GMRT band3
60301.162094 9.628217 0.000281 8.80 21.4022543 15.9830511 5.3080000 399.22 200.00 GMRT band3
60314.357928 9.627724 0.000137 7.01 13.0968729 11.7211632 3.2270000 399.22 200.00 GMRT band3
60318.153530 9.627802 0.000162 8.88 12.7685640 11.6069325 3.6580000 399.22 200.00 GMRT band3
60328.333391 9.627316 0.000104 1.15 7.0796189 6.3903626 5.4960000 399.95 200.00 GMRT band3
60338.224653 9.627492 0.000215 15.77 14.1571670 13.8982059 3.2580000 399.22 200.00 GMRT band3
60349.206539 9.627231 0.000125 7.92 9.1003596 8.7816552 2.7965000 399.22 200.00 GMRT band3
60359.034548 9.627165 0.000135 7.89 8.8932745 8.7276221 2.8970000 399.22 200.00 GMRT band3
60371.200752 9.627224 0.000086 4.08 6.0820750 5.8490446 2.6635000 399.22 200.00 GMRT band3
60378.025984 9.627831 0.000152 9.43 14.4290787 12.5965844 3.1320000 399.22 200.00 GMRT band3
60388.153009 9.627272 0.000110 7.55 7.0560587 6.8188609 2.2975000 399.22 200.00 GMRT band3
60397.968460 9.627124 0.000117 6.15 7.7562786 7.7000479 2.6795000 399.22 200.00 GMRT band3
