59348.966261 3.138515 0.000017 2.41 2.9709977 2.0658583 1.0220000 879.67 400.00 GMRT band3+5
59359.965567 3.138520 0.000030 1.00 5.2137717 3.6888217 1.5670000 879.67 400.00 GMRT band3+5
59370.799132 3.138347 0.000039 2.30 6.1147376 7.1841069 1.8660000 879.67 400.00 GMRT band3+5
59380.794734 3.138543 0.000030 2.95 3.4642129 2.6135075 1.0715000 879.67 400.00 GMRT band3+5
59391.692187 3.138582 0.000042 1.09 5.8595459 4.3307749 1.7875000 879.67 400.00 GMRT band3+5
59403.763426 3.138495 0.000036 2.07 7.0694466 6.5816095 1.1730000 879.67 400.00 GMRT band3+5
59413.676447 3.138612 0.000041 1.86 4.2741382 3.9175979 2.9400000 879.67 400.00 GMRT band3+5
59425.654109 3.138541 0.000040 1.38 6.2959154 5.0048597 1.4920000 879.66 400.00 GMRT band3+5
59441.567419 3.138522 0.000039 1.77 4.9772329 3.6444961 2.3880000 879.66 400.00 GMRT band3+5
59449.515336 3.138550 0.000019 1.28 3.9194098 3.3448233 1.6840000 879.66 400.00 GMRT band3+5
59460.522974 3.138539 0.000034 3.16 5.5018810 3.4677907 1.1670000 879.66 400.00 GMRT band3+5
59468.426215 3.138459 0.000089 2.12 6.9352488 5.0628789 2.8720000 879.66 400.00 GMRT band3+5
59469.477257 3.138487 0.000022 2.17 3.8172602 2.2286799 1.0245000 879.66 400.00 GMRT band3+5
59481.519734 3.138576 0.000039 2.93 29.8257195 30.3867727 0.9740000 879.66 400.00 GMRT band3+5
59489.497396 3.138473 0.000036 1.73 2.6518300 1.7721414 0.9885000 879.66 400.00 GMRT band3+5
59496.452836 3.138565 0.000022 1.04 2.4078121 1.2630415 1.4800000 879.66 400.00 GMRT band3+5
59520.333160 3.138624 0.000036 2.46 2.7335279 2.0772691 1.1040000 879.66 400.00 GMRT band3+5
59531.289004 3.138580 0.000065 9.02 977.1958996 977.1696896 0.9935000 879.66 400.00 GMRT band3+5
59540.285359 3.138581 0.000035 2.57 6.1226207 6.0462931 1.2550000 879.66 400.00 GMRT band3+5
59551.287442 3.138681 0.000029 3.20 4.4067776 4.3829245 1.0210000 879.66 400.00 GMRT band3+5
59580.094386 3.138788 0.000047 1.43 16.8675282 16.7409745 1.8830000 879.66 400.00 GMRT band3+5
59590.280613 3.138834 0.000033 1.89 2.3435244 1.9240861 1.1070000 879.66 400.00 GMRT band3+5
59600.169097 3.138661 0.000023 0.91 2.2968719 2.5175521 2.0610000 879.66 400.00 GMRT band3+5
59610.118808 3.138597 0.000019 1.81 2.3546544 1.9686348 1.3150000 879.66 400.00 GMRT band3+5
59630.055382 3.138643 0.000026 2.46 4.1185136 3.5744241 1.0440000 879.66 400.00 GMRT band3+5
59644.160127 3.138607 0.000029 3.82 2.5136212 2.1162856 0.7880000 879.66 400.00 GMRT band3+5
59650.004224 3.138562 0.000018 1.75 3.1177886 2.0345435 1.1340000 879.66 400.00 GMRT band3+5
59659.919502 3.138583 0.000023 2.13 2.3383832 1.6326005 1.1490000 879.66 400.00 GMRT band3+5
59671.947280 3.138555 0.000020 2.00 2.5120419 1.5385164 1.2560000 879.66 400.00 GMRT band3+5
59695.984317 3.138552 0.000039 2.74 4.7283146 3.7678652 1.6820000 879.66 400.00 GMRT band3+5
59705.985301 3.138591 0.000028 2.27 7.5386620 6.7019576 1.1330000 879.66 400.00 GMRT band3+5
59719.013252 3.138541 0.000032 2.92 3.4428360 2.9501951 1.2180000 879.66 400.00 GMRT band3+5
59725.941724 3.138574 0.000028 1.37 8.7181487 9.3211314 1.2380000 879.66 400.00 GMRT band3+5
59734.871238 3.138569 0.000034 2.80 3.3136582 2.5900687 1.1695000 879.66 400.00 GMRT band3+5
59756.707292 3.138564 0.000034 2.20 2.8969423 2.7540801 1.8860000 879.66 400.00 GMRT band3+5
59767.830845 3.138611 0.000032 1.68 3.0746448 2.7835088 1.8670000 879.66 400.00 GMRT band3+5
59777.669676 3.138578 0.000044 1.58 11.2681802 11.6545248 1.7700000 879.66 400.00 GMRT band3+5
59788.763484 3.138578 0.000026 1.49 3.2550560 2.2576600 1.5420000 879.66 400.00 GMRT band3+5
59796.761285 3.138647 0.000022 0.68 2.2890606 1.9401558 1.7870000 879.66 400.00 GMRT band3+5
59805.703588 3.138602 0.000042 2.73 4.3582302 3.9309283 1.6720000 879.66 400.00 GMRT band3+5
59816.698553 3.138631 0.000034 1.67 3.6496654 3.4500908 1.8280000 879.66 400.00 GMRT band3+5
59826.686921 3.138628 0.000039 3.75 3.1873864 2.7920787 1.1640000 879.66 400.00 GMRT band3+5
59846.634433 3.138697 0.000025 1.92 1.9192376 1.9039294 1.3065000 879.66 400.00 GMRT band3+5
59887.381655 3.138759 0.000044 1.41 11.1066291 11.0094776 1.5150000 879.66 400.00 GMRT band3+5
59905.326910 3.138752 0.000029 1.79 2.2443047 2.2169296 1.6590000 879.66 400.00 GMRT band3+5
59944.173090 3.138815 0.000021 1.50 2.6757259 2.0988673 1.1360000 879.66 400.00 GMRT band3+5
59964.210243 3.138731 0.000029 1.55 3.0337771 3.0440257 1.6050000 879.66 400.00 GMRT band3+5
59986.057176 3.138672 0.000032 2.13 2.8092562 2.7599380 1.6210000 879.66 400.00 GMRT band3+5
60006.006886 3.138675 0.000031 4.36 3.4589647 3.4192564 0.6870000 879.66 400.00 GMRT band3+5
60014.027141 3.138651 0.000023 2.52 2.3240166 2.1730788 1.2010000 879.66 400.00 GMRT band3+5
60023.928704 3.138693 0.000023 1.29 3.3539498 3.2504793 1.0930000 879.66 400.00 GMRT band3+5
60082.825173 3.138719 0.000033 1.94 2.4460992 2.4505094 1.4225000 879.66 400.00 GMRT band3+5
60098.780961 3.138662 0.000026 2.11 10.5682078 10.7713278 0.9360000 879.66 400.00 GMRT band3+5
60117.719618 3.138672 0.000023 1.96 2.5109603 2.4578850 1.1990000 879.66 400.00 GMRT band3+5
60138.646470 3.138724 0.000033 2.58 3.0595135 3.1798685 1.0425000 879.66 400.00 GMRT band3+5
60156.628356 3.138688 0.000047 3.84 8.1053466 7.8807104 1.6465000 879.66 400.00 GMRT band3+5
60174.568924 3.138757 0.000030 2.08 2.3251925 2.2926938 1.4470000 879.66 400.00 GMRT band3+5
60195.537558 3.138799 0.000047 2.59 7.4700613 7.4867992 1.1935000 879.66 400.00 GMRT band3+5
60259.285359 3.138865 0.000021 1.47 3.2427424 2.7249786 1.5280000 879.66 400.00 GMRT band3+5
60301.189526 3.139295 0.000035 1.32 9.7897076 4.2376172 1.8845000 879.66 400.00 GMRT band3+5
60318.126562 3.138912 0.000026 1.42 3.1554084 2.0519732 1.3340000 879.66 400.00 GMRT band3+5
60338.251794 3.138875 0.000029 1.38 3.4572120 2.9332394 2.1855000 879.66 400.00 GMRT band3+5
60359.006770 3.138718 0.000005 2.35 0.5033365 0.5144152 0.6460000 879.66 400.00 GMRT band3+5
60397.942014 3.138748 0.000037 1.32 24.4713646 24.2603006 1.9830000 879.66 400.00 GMRT band3+5
