59348.966261 3.138550 0.000044 2.54 2.2291062 2.2078898 1.2325000 399.23 200.00 GMRT band3
59359.965567 3.138509 0.000039 1.15 2.5964988 1.9845238 1.4460000 399.23 200.00 GMRT band3
59370.799132 3.138317 0.000044 1.88 3.9603714 2.7301010 1.5525000 399.23 200.00 GMRT band3
59380.794734 3.138532 0.000038 3.29 3.2441520 2.2821624 0.9980000 399.23 200.00 GMRT band3
59391.692187 3.138602 0.000045 1.19 1.6646779 1.5639125 1.6095000 399.23 200.00 GMRT band3
59403.763426 3.138487 0.000041 2.58 3.3953115 1.8688268 0.8460000 399.23 200.00 GMRT band3
59413.676447 3.138329 0.000117 1.41 4.2524955 4.0576683 3.8070000 399.23 200.00 GMRT band3
59425.654109 3.138558 0.000044 1.56 2.1071589 2.0534840 1.4260000 399.22 200.00 GMRT band3
59441.567419 3.138521 0.000090 2.27 3.9879709 3.8848997 2.4440000 399.22 200.00 GMRT band3
59449.515336 3.138572 0.000054 1.24 3.9774565 3.5636448 2.0455000 399.22 200.00 GMRT band3
59460.522974 3.138553 0.000040 3.68 2.4464013 1.7909039 0.9350000 399.22 200.00 GMRT band3
59468.426215 3.138422 0.000118 2.53 6.2014871 5.2362612 1.8850000 399.22 200.00 GMRT band3
59469.477257 3.138457 0.000038 2.29 3.2213971 2.4163990 0.9815000 399.22 200.00 GMRT band3
59481.519734 3.138568 0.000042 3.22 1.7255025 1.7557340 0.9040000 399.22 200.00 GMRT band3
59489.497396 3.138445 0.000043 2.02 2.5839743 1.0543877 0.7460000 399.22 200.00 GMRT band3
59496.452836 3.138587 0.000035 1.08 1.4980553 1.2980546 1.4300000 399.22 200.00 GMRT band3
59520.333160 3.138627 0.000041 2.84 2.0724054 1.7917126 0.9890000 399.22 200.00 GMRT band3
59531.289004 3.138580 0.000045 4.22 2.2849463 1.7015630 0.7410000 399.22 200.00 GMRT band3
59540.285359 3.138579 0.000040 3.25 2.7405658 2.4851822 0.9040000 399.22 200.00 GMRT band3
59551.287442 3.138690 0.000033 3.31 1.7339012 1.7562644 0.9350000 399.22 200.00 GMRT band3
59560.350868 3.138773 0.000036 2.94 1.7194565 1.4172138 0.9300000 399.22 200.00 GMRT band3
59569.248437 3.138718 0.000017 0.99 0.7988631 0.7848126 0.6840000 399.22 200.00 GMRT band3
59580.094386 3.138784 0.000050 1.52 2.2036447 1.9694353 1.6450000 399.22 200.00 GMRT band3
59590.280613 3.138835 0.000036 2.27 2.3735387 1.8411211 0.9900000 399.22 200.00 GMRT band3
59600.169097 3.138713 0.000079 1.11 2.4923098 2.6151735 2.8870000 399.22 200.00 GMRT band3
59610.118808 3.138645 0.000040 1.91 2.2472233 2.1290632 1.3720000 399.22 200.00 GMRT band3
59621.071354 3.138579 0.000046 0.96 2.2094284 1.6332553 2.1430000 399.22 200.00 GMRT band3
59630.055382 3.138652 0.000032 2.86 1.4119463 1.3548721 0.8035000 399.22 200.00 GMRT band3
59644.160127 3.138618 0.000033 4.34 2.2104837 1.7418951 0.7230000 399.22 200.00 GMRT band3
59650.004224 3.138537 0.000040 1.47 2.8491980 2.1631064 1.3650000 399.22 200.00 GMRT band3
59659.919502 3.138604 0.000041 2.58 1.8669619 1.7410749 1.1480000 399.22 200.00 GMRT band3
59671.947280 3.138642 0.000043 2.02 2.0600351 1.6913472 1.2560000 399.22 200.00 GMRT band3
59695.984317 3.138561 0.000051 2.55 3.3226723 3.2407016 1.6045000 399.22 200.00 GMRT band3
59705.985301 3.138603 0.000032 2.60 2.4114493 2.2432533 0.9315000 399.22 200.00 GMRT band3
59719.013252 3.138535 0.000041 3.53 2.3909554 2.2696520 1.0320000 399.22 200.00 GMRT band3
59725.941724 3.138571 0.000029 1.47 1.7952661 1.3266640 1.1450000 399.22 200.00 GMRT band3
59734.871238 3.138564 0.000040 3.38 2.5339231 1.7724354 0.9775000 399.22 200.00 GMRT band3
59746.736747 3.138608 0.000022 2.75 1.7331663 1.3051989 0.6315000 399.22 200.00 GMRT band3
59756.707292 3.138552 0.000059 2.82 2.8466996 3.1507373 1.8070000 399.22 200.00 GMRT band3
59767.830845 3.138620 0.000049 1.83 3.1223799 2.9554402 1.8005000 399.22 200.00 GMRT band3
59777.669676 3.138569 0.000050 1.81 1.9771918 1.9664515 1.1085000 399.22 200.00 GMRT band3
59788.763484 3.138583 0.000042 1.11 2.1177384 1.7605670 1.5420000 399.22 200.00 GMRT band3
59796.761285 3.138633 0.000041 0.74 1.6521761 1.4234795 1.7620000 399.22 200.00 GMRT band3
59805.703588 3.138588 0.000066 3.21 4.6711275 4.3962798 1.6185000 399.22 200.00 GMRT band3
59816.698553 3.138636 0.000046 1.71 2.2218183 1.9960812 1.6530000 399.22 200.00 GMRT band3
59826.686921 3.138645 0.000044 4.25 2.2375232 1.9322183 1.0000000 399.22 200.00 GMRT band3
59846.634433 3.138690 0.000038 2.44 2.2704148 2.2450112 1.1740000 399.22 200.00 GMRT band3
59887.381655 3.138759 0.000047 1.60 1.9633175 1.8696389 1.4720000 399.22 200.00 GMRT band3
59897.253183 3.138832 0.000031 4.00 1.8966925 1.9781728 0.8135000 399.22 200.00 GMRT band3
59905.326910 3.138785 0.000041 2.05 2.3085131 2.2352637 1.5830000 399.22 200.00 GMRT band3
59917.378298 3.139031 0.000045 4.59 2.4863458 2.1300461 0.9260000 399.22 200.00 GMRT band3
59925.274016 3.139043 0.000035 2.23 3.5305193 2.1804474 1.1610000 399.22 200.00 GMRT band3
59936.196990 3.139070 0.000035 3.12 4.2914497 1.7197956 0.8600000 399.22 200.00 GMRT band3
59944.173090 3.138888 0.000046 1.47 2.7372282 2.2820369 1.2600000 399.22 200.00 GMRT band3
59954.122975 3.138802 0.000028 5.24 1.7661144 1.6684538 0.5620000 399.22 200.00 GMRT band3
59964.210243 3.138718 0.000046 1.54 2.5777049 2.5289410 1.4640000 399.22 200.00 GMRT band3
59974.142592 3.138705 0.000031 3.90 1.2656389 1.2639950 0.5890000 399.22 200.00 GMRT band3
59986.057176 3.138709 0.000045 2.52 2.3488449 2.3310552 1.2555000 399.22 200.00 GMRT band3
59993.996701 3.138667 0.000035 4.16 1.9732349 1.9575867 0.7960000 399.22 200.00 GMRT band3
60006.006886 3.138672 0.000035 5.02 1.7859850 1.7696778 0.5970000 399.22 200.00 GMRT band3
60014.027141 3.138693 0.000041 3.03 2.2078671 2.3383348 1.2030000 399.22 200.00 GMRT band3
60023.928704 3.138696 0.000026 1.54 1.7739155 1.7973762 1.0380000 399.22 200.00 GMRT band3
60033.933160 3.138631 0.000037 4.27 1.7016993 1.7629761 0.8310000 399.22 200.00 GMRT band3
60061.902373 3.138629 0.000038 3.03 2.0820631 1.6438024 0.7900000 399.22 200.00 GMRT band3
60070.828067 3.138692 0.000033 5.63 1.8911057 1.9180062 0.5600000 399.22 200.00 GMRT band3
60082.825173 3.138720 0.000042 2.38 2.7623209 2.7579395 1.1350000 399.22 200.00 GMRT band3
60089.775116 3.138693 0.000019 2.96 0.8775810 0.8498618 0.4555000 399.22 200.00 GMRT band3
60098.780961 3.138660 0.000028 2.48 1.7622329 1.6135579 0.8660000 399.22 200.00 GMRT band3
60107.741898 3.138714 0.000017 2.82 1.2554304 1.2791355 0.4855000 399.22 200.00 GMRT band3
60117.719618 3.138675 0.000037 2.32 2.7386382 2.6834426 1.1920000 399.22 200.00 GMRT band3
60128.649248 3.138643 0.000020 3.04 1.3442840 1.0909154 0.5135000 399.22 200.00 GMRT band3
60138.646470 3.138728 0.000037 2.98 2.7094563 2.7420137 0.9255000 399.22 200.00 GMRT band3
60149.615104 3.138724 0.000046 6.21 2.3146854 2.3168330 0.7910000 399.22 200.00 GMRT band3
60156.628356 3.138695 0.000051 4.25 5.3528077 5.3166330 1.4780000 399.22 200.00 GMRT band3
60164.599710 3.138834 0.000049 3.00 2.4701973 2.2922992 1.2720000 399.22 200.00 GMRT band3
60174.568924 3.138716 0.000048 2.37 1.6727918 1.7746775 1.3290000 399.22 200.00 GMRT band3
60184.523322 3.138770 0.000031 3.11 2.7726706 2.6853633 0.8920000 399.22 200.00 GMRT band3
60195.537558 3.138805 0.000052 3.12 2.2221084 2.1945206 0.9800000 399.22 200.00 GMRT band3
60203.477372 3.138735 0.000041 2.95 2.0944620 2.1389136 0.9850000 399.22 200.00 GMRT band3
60248.545428 3.138781 0.000042 5.92 2.8854160 2.6285239 0.7990000 399.22 200.00 GMRT band3
60259.285359 3.138910 0.000037 1.43 3.2793695 2.8038837 1.5570000 399.22 200.00 GMRT band3
60267.485590 3.138821 0.000039 3.27 1.7790360 1.4894025 0.9430000 399.22 200.00 GMRT band3
60286.248611 3.139247 0.000041 4.22 6.4587949 3.6802329 1.0615000 399.22 200.00 GMRT band3
60288.388136 3.139154 0.000022 4.14 4.4818800 1.6932472 0.5665000 399.22 200.00 GMRT band3
60301.189526 3.139279 0.000042 1.61 8.8991069 5.6504703 1.7070000 399.22 200.00 GMRT band3
60314.381076 3.139025 0.000030 2.83 3.2556508 1.6889216 0.9020000 399.22 200.00 GMRT band3
60318.126562 3.138917 0.000039 1.61 2.6973635 2.2084485 1.3340000 399.22 200.00 GMRT band3
60328.356481 3.138840 0.000046 0.90 3.1528720 2.9384509 2.4180000 399.95 200.00 GMRT band3
60338.251794 3.138857 0.000045 1.61 3.3212271 3.3664389 1.9380000 399.22 200.00 GMRT band3
60349.230035 3.138762 0.000025 3.14 1.6738781 1.5890688 0.8085000 399.22 200.00 GMRT band3
60359.006770 3.138711 0.000008 0.51 0.5059032 0.5170604 0.7090000 399.22 200.00 GMRT band3
60371.223900 3.138780 0.000036 7.99 1.6787378 1.8001091 0.6120000 399.22 200.00 GMRT band3
60377.998727 3.138490 0.000056 4.17 4.4926038 3.3068287 1.2935000 399.22 200.00 GMRT band3
60388.129803 3.138684 0.000034 4.72 2.2965402 2.3100464 0.7630000 399.22 200.00 GMRT band3
60397.942014 3.138749 0.000039 1.41 2.4284440 2.4256022 1.7430000 399.22 200.00 GMRT band3
