58260.001331 13.306455 0.001200 0.24 19.3853651 14.7599490 14.5700000 449.95 100.00 GMRT band3
58276.859305 13.303495 0.007732 1.43 22.6608308 21.9916479 27.7800000 449.95 100.00 GMRT band3
58322.689641 13.304404 0.002328 1.03 20.0239136 20.6750769 14.9530000 449.95 100.00 GMRT band3
58340.656134 13.299182 0.003593 0.95 26.6285928 26.3071460 25.5380000 449.95 100.00 GMRT band3
58355.612558 13.305089 0.000876 0.22 15.4332512 9.5180267 10.2050000 449.95 100.00 GMRT band3
58389.461458 13.300515 0.001001 0.16 12.0024028 15.1869430 19.7800000 449.95 100.00 GMRT band3
58440.437906 13.304951 0.002704 0.30 24.9264379 24.6335133 28.7030000 449.95 100.00 GMRT band3
58481.313599 13.307391 0.000918 0.03 19.7137937 11.7946003 27.5790000 449.95 100.00 GMRT band3
58524.200289 13.310080 0.000520 0.01 29.8694803 22.1995073 23.8155000 449.95 100.00 GMRT band3
58552.196354 13.305500 0.001296 0.34 14.2213353 9.8910610 10.0655000 449.95 100.00 GMRT band3
58567.010937 13.300159 0.003991 1.27 18.0709761 17.2194653 17.2435000 449.95 100.00 GMRT band3
57684.517592 13.302373 0.001632 2.29 46.4372025 44.4700488 29.9375000 400.05 200.00 GMRT band3
57698.462327 13.303814 0.000474 0.40 24.7552348 13.5255099 15.5570000 400.05 200.00 GMRT band3
57711.392709 13.301878 0.000632 0.60 13.9783219 14.1445124 16.4020000 400.05 200.00 GMRT band3
57740.399827 13.303760 0.001105 1.03 32.1304539 30.5119975 25.0230000 400.05 200.00 GMRT band3
57759.190162 13.303283 0.000736 1.20 30.9886957 22.3403261 15.2855000 400.05 200.00 GMRT band3
57768.330382 13.302032 0.000700 0.80 22.6151585 26.8501328 12.0420000 400.05 200.00 GMRT band3
57782.230150 13.303164 0.001087 2.28 35.3588474 35.0775439 16.8425000 400.05 200.00 GMRT band3
57796.093692 13.302198 0.000893 1.74 31.7518596 21.8268320 17.0790000 400.05 200.00 GMRT band3
57810.007234 13.302086 0.000875 1.53 35.0316150 32.6599185 15.5735000 400.05 200.00 GMRT band3
57838.014526 13.302950 0.000854 1.84 32.2723638 26.1095104 12.2455000 400.05 200.00 GMRT band3
57873.031656 13.303173 0.000438 1.36 23.5026419 13.9738156 9.4720000 400.05 200.00 GMRT band3
57885.911632 13.303312 0.000350 0.63 15.5141628 10.0865697 8.2270000 400.05 200.00 GMRT band3
57897.983855 13.302704 0.000298 0.84 14.1524063 8.3906706 7.2325000 400.05 200.00 GMRT band3
57911.934548 13.303123 0.000499 1.53 27.0379698 18.2640704 10.6085000 400.05 200.00 GMRT band3
57928.759202 13.303886 0.001583 0.86 34.1285214 38.6480269 17.4305000 400.05 200.00 GMRT band3
57942.937211 13.302556 0.000549 1.07 16.8324345 10.7190307 9.0410000 400.05 200.00 GMRT band3
57956.761864 13.302897 0.000474 0.94 22.9236847 12.2744003 12.4985000 400.05 200.00 GMRT band3
57970.713716 13.301605 0.000540 0.88 17.4424433 18.0598462 16.3585000 400.05 200.00 GMRT band3
57985.798437 13.305832 0.000756 0.54 33.3972884 16.5390327 17.6715000 400.05 200.00 GMRT band3
57997.673785 13.302126 0.000952 2.08 36.7624722 31.4290542 18.5070000 400.05 200.00 GMRT band3
58012.565683 13.304227 0.000983 1.80 28.4506825 21.2528950 14.2590000 400.05 200.00 GMRT band3
58064.518924 13.304519 0.000783 0.33 53.4244267 43.9802308 30.2230000 400.05 200.00 GMRT band3
58090.398438 13.303987 0.001379 1.06 34.8635249 23.0315970 27.5480000 400.05 200.00 GMRT band3
58118.298727 13.306377 0.001688 1.10 35.5539385 34.0580247 27.5045000 400.05 200.00 GMRT band3
58133.244618 13.302845 0.000912 1.34 36.1869347 31.0608978 20.2050000 400.05 200.00 GMRT band3
58160.152431 13.303567 0.000867 1.48 29.0392135 24.9048821 16.0590000 400.05 200.00 GMRT band3
58188.072685 13.302817 0.000775 1.25 18.5004873 20.2220759 17.1760000 400.05 200.00 GMRT band3
58781.448727 13.303409 0.000347 0.93 17.7133807 4.8018191 5.3340000 399.80 200.00 GMRT band3
58792.445892 13.303375 0.000395 2.20 24.5837611 11.2974258 7.1335000 399.80 200.00 GMRT band3
58804.348553 13.302518 0.000304 2.21 15.3849262 9.5525026 4.6300000 399.80 200.00 GMRT band3
58813.466898 13.302873 0.000183 0.60 15.6341924 6.3749551 4.0115000 399.80 200.00 GMRT band3
58833.260070 13.302921 0.000143 1.14 14.2949009 4.7257409 2.8330000 399.80 200.00 GMRT band3
58844.197396 13.302309 0.000372 1.80 6.6430246 4.1447288 3.5740000 399.80 200.00 GMRT band3
58854.146759 13.303298 0.000453 2.16 22.2103874 15.6681783 5.7825000 399.80 200.00 GMRT band3
58865.199826 13.302476 0.000153 0.92 12.0972630 4.4282466 3.6500000 399.80 200.00 GMRT band3
58874.048727 13.302636 0.000165 1.58 17.2786797 4.5581956 3.2105000 399.80 200.00 GMRT band3
58893.083391 13.302714 0.000146 0.87 18.8251704 4.5530552 4.2300000 399.80 200.00 GMRT band3
58903.078530 13.302814 0.000198 1.56 19.0102918 6.9740157 4.4380000 399.80 200.00 GMRT band3
58914.182928 13.303060 0.000134 0.24 16.8545039 2.1617435 4.5155000 399.80 200.00 GMRT band3
58922.142535 13.302774 0.000279 2.19 21.8392358 13.9723442 4.8820000 399.80 200.00 GMRT band3
59349.043692 13.301023 0.000303 5.20 7.0479285 7.1736295 2.2640000 399.23 200.00 GMRT band3
59360.039641 13.302160 0.000610 40.05 27.2969867 29.5700489 2.9660000 399.23 200.00 GMRT band3
59370.871470 13.301205 0.000554 8.03 15.3633664 11.3525180 7.9085000 399.23 200.00 GMRT band3
59380.863599 13.302288 0.000325 12.67 19.1520454 14.6072547 2.4790000 399.23 200.00 GMRT band3
59391.765046 13.302900 0.000489 4.86 21.7615067 12.7440156 2.7150000 399.23 200.00 GMRT band3
59403.835474 13.301948 0.000277 11.59 14.3143926 10.8077701 2.7595000 399.23 200.00 GMRT band3
59425.728183 13.301544 0.000219 5.16 8.2512813 4.9213819 2.4755000 399.22 200.00 GMRT band3
59441.608044 13.302470 0.000428 11.50 15.3451811 9.3530129 2.5365000 399.22 200.00 GMRT band3
59449.587094 13.303031 0.000546 25.76 16.8495755 13.7572366 3.1960000 399.22 200.00 GMRT band3
59460.592477 13.300981 0.000272 2.73 23.1277039 23.5503594 14.6860000 399.22 200.00 GMRT band3
59469.548553 13.302278 0.000646 7.92 19.0613949 20.3484217 4.9120000 399.22 200.00 GMRT band3
59481.588600 13.301719 0.000291 5.76 10.5423086 7.8659920 3.8850000 399.22 200.00 GMRT band3
59489.566493 13.302339 0.000273 8.25 15.7135376 12.2529141 3.8750000 399.22 200.00 GMRT band3
59496.522049 13.300787 0.000700 2.74 24.9956328 24.9530801 16.8075000 399.22 200.00 GMRT band3
59520.408738 13.301521 0.000365 10.05 10.3935321 9.7018491 2.7045000 399.22 200.00 GMRT band3
59531.404630 13.302043 0.000339 9.05 15.4195727 9.1700631 2.7750000 399.22 200.00 GMRT band3
59540.569155 13.301281 0.000633 9.54 14.9682852 12.9334158 3.7670000 399.22 200.00 GMRT band3
59551.322801 13.301532 0.000278 9.29 12.3232156 10.9396461 2.5745000 399.22 200.00 GMRT band3
59560.426562 13.301390 0.000526 33.29 12.3053303 13.5343382 4.1195000 399.22 200.00 GMRT band3
59569.327257 13.302536 0.000468 9.67 12.1243766 11.1836706 3.8610000 399.22 200.00 GMRT band3
59580.202141 13.301473 0.000320 10.29 10.5521001 11.7759461 2.8930000 399.22 200.00 GMRT band3
59590.354340 13.301459 0.000322 4.72 20.3925250 18.5500631 3.4820000 399.22 200.00 GMRT band3
59600.250694 13.304282 0.000481 1.91 30.2516047 22.6168771 14.0050000 399.22 200.00 GMRT band3
59610.195428 13.301649 0.000702 38.65 16.7482216 17.3260501 3.3925000 399.22 200.00 GMRT band3
59621.145775 13.302044 0.000236 4.21 11.6104111 9.1002490 4.0260000 399.22 200.00 GMRT band3
59630.216146 13.303287 0.000742 67.43 25.2810552 18.7724573 2.9720000 399.22 200.00 GMRT band3
59644.276909 13.300416 0.000286 7.09 11.1077384 11.6963320 3.0215000 399.22 200.00 GMRT band3
59650.037558 13.301514 0.000551 23.97 16.5069254 16.5016371 3.0140000 399.22 200.00 GMRT band3
59660.101852 13.302018 0.000432 14.26 12.5264619 11.1303340 3.6350000 399.22 200.00 GMRT band3
59672.023843 13.302991 0.000589 9.27 12.6937331 10.3223469 2.9390000 399.22 200.00 GMRT band3
59696.017997 13.301380 0.000406 19.71 11.5455565 10.8607870 3.0235000 399.22 200.00 GMRT band3
59706.017534 13.301769 0.000425 15.77 16.8572628 14.1941780 2.7725000 399.22 200.00 GMRT band3
59719.045891 13.302304 0.000309 5.55 9.8231672 5.8366704 2.6040000 399.22 200.00 GMRT band3
59726.051910 13.301170 0.000297 8.40 16.9572883 16.3324313 5.0070000 399.22 200.00 GMRT band3
59734.996470 13.302660 0.000404 5.74 13.4112768 8.3094702 6.4505000 399.22 200.00 GMRT band3
59746.812963 13.301805 0.000197 3.35 7.7485429 4.4931903 2.0260000 399.22 200.00 GMRT band3
59756.834838 13.302094 0.000307 1.21 10.8514052 7.8752396 5.7130000 399.22 200.00 GMRT band3
59767.899132 13.301559 0.000393 16.45 11.9482546 8.5177602 2.9595000 399.22 200.00 GMRT band3
59777.836516 13.302486 0.000308 4.71 10.7474706 8.2328635 2.8540000 399.22 200.00 GMRT band3
59788.795428 13.301031 0.000338 18.76 11.0703824 11.1516572 2.3645000 399.22 200.00 GMRT band3
59796.808507 13.301367 0.000136 3.87 6.6805890 5.2070215 2.0690000 399.22 200.00 GMRT band3
59805.736284 13.302270 0.000412 9.40 9.7181870 6.7351979 3.1470000 399.22 200.00 GMRT band3
59816.786169 13.301843 0.000192 5.93 11.0677181 8.2776321 1.9515000 399.22 200.00 GMRT band3
59826.578646 13.302022 0.000306 9.23 10.6658990 6.8425694 2.4250000 399.22 200.00 GMRT band3
59837.752720 13.302146 0.000216 2.21 14.6564965 11.1340447 4.9870000 399.22 200.00 GMRT band3
59846.529398 13.300725 0.000295 1.62 11.7182744 11.7668311 6.6435000 399.22 200.00 GMRT band3
59887.494444 13.301023 0.000314 7.49 11.1233168 11.9476755 3.5130000 399.22 200.00 GMRT band3
59897.310648 13.301451 0.000217 5.79 5.9032137 6.7663433 2.1825000 399.22 200.00 GMRT band3
59905.474363 13.302623 0.000392 15.47 11.3962093 11.1122556 2.3290000 399.22 200.00 GMRT band3
59917.433738 13.300911 0.000193 8.80 7.4680642 7.4874225 2.0915000 399.22 200.00 GMRT band3
59925.375116 13.301153 0.000216 3.37 8.1087459 4.8801748 2.7390000 399.22 200.00 GMRT band3
59936.281076 13.301204 0.000154 2.32 4.2480694 3.4116002 2.4790000 399.22 200.00 GMRT band3
59944.224826 13.301487 0.000170 1.60 6.4903502 4.0555785 3.0715000 399.22 200.00 GMRT band3
59954.149826 13.300393 0.000196 5.70 6.6636598 4.4151531 1.9710000 399.22 200.00 GMRT band3
59964.271412 13.301171 0.000502 12.77 17.6698123 17.0704239 4.3800000 399.22 200.00 GMRT band3
59974.200173 13.300765 0.000338 25.36 12.1725293 13.0822280 2.0055000 399.22 200.00 GMRT band3
59986.193460 13.301090 0.000241 8.74 9.2735407 8.5634407 2.4160000 399.22 200.00 GMRT band3
59994.050636 13.300886 0.000169 7.51 4.6358137 4.7229438 1.5475000 399.22 200.00 GMRT band3
60006.118345 13.300939 0.000014 0.66 0.4432952 0.4449298 0.5390000 399.22 200.00 GMRT band3
60014.131539 13.300964 0.000182 5.80 5.1443006 4.8750716 2.2740000 399.22 200.00 GMRT band3
60024.095197 13.301371 0.000190 4.50 8.0129797 7.0693893 2.9880000 399.22 200.00 GMRT band3
60034.043808 13.300441 0.000347 35.40 9.7662613 11.1968073 2.3390000 399.22 200.00 GMRT band3
60062.038599 13.301202 0.000423 26.20 10.0487232 10.2657723 2.4465000 399.22 200.00 GMRT band3
60070.908912 13.300940 0.000165 3.98 2.4022444 2.4175147 1.5085000 399.22 200.00 GMRT band3
60082.940104 13.301021 0.000332 18.03 7.2580370 7.2437106 2.2940000 399.22 200.00 GMRT band3
60089.856076 13.300871 0.000137 5.27 2.9411095 2.8977773 1.3340000 399.22 200.00 GMRT band3
60098.853877 13.300964 0.000233 11.84 9.2761925 9.2688802 2.2540000 399.22 200.00 GMRT band3
60107.768345 13.300308 0.000186 4.96 8.8175087 5.3256835 2.4420000 399.22 200.00 GMRT band3
60117.854572 13.300387 0.000589 8.56 19.7741430 18.7732792 8.9800000 399.22 200.00 GMRT band3
60128.772627 13.300985 0.000245 11.66 7.8456312 7.7100856 2.0030000 399.22 200.00 GMRT band3
60138.805324 13.299507 0.000367 11.38 12.8129629 9.6620627 2.4330000 399.22 200.00 GMRT band3
60149.696990 13.301089 0.000231 16.77 8.8113220 8.3333870 1.7040000 399.22 200.00 GMRT band3
60164.704687 13.300680 0.000290 8.93 9.7757668 10.3132921 3.1750000 399.22 200.00 GMRT band3
60174.681771 13.300329 0.000255 8.98 10.6492332 8.3116493 2.5790000 399.22 200.00 GMRT band3
60184.548958 13.301056 0.000450 28.89 13.4048924 12.8915926 2.0540000 399.22 200.00 GMRT band3
60203.502951 13.300889 0.000181 7.27 5.9204522 5.7266571 1.9030000 399.22 200.00 GMRT band3
60248.620428 13.301682 0.000652 15.77 22.9733933 23.8909283 5.4835000 399.22 200.00 GMRT band3
60259.404340 13.300517 0.000232 7.92 8.2375266 7.9591187 2.8420000 399.22 200.00 GMRT band3
60267.563484 13.300512 0.000340 11.09 10.3265699 9.4337973 3.2730000 399.22 200.00 GMRT band3
60286.361632 13.300503 0.000325 8.32 13.2213202 15.6337383 3.0945000 399.22 200.00 GMRT band3
60288.493924 13.301154 0.000302 10.51 10.0651704 9.7747237 2.4780000 399.22 200.00 GMRT band3
60301.253183 13.300958 0.000366 9.71 13.2688189 13.3752234 4.0310000 399.22 200.00 GMRT band3
60314.431424 13.300548 0.000233 6.17 6.9468561 6.3786515 2.4460000 399.22 200.00 GMRT band3
60318.246643 13.300354 0.000272 2.49 8.8765069 6.6138570 3.6410000 399.22 200.00 GMRT band3
60328.407696 13.300679 0.000230 1.35 5.4223550 5.1795271 4.5295000 399.95 200.00 GMRT band3
60338.308565 13.301763 0.000688 17.84 13.9499258 13.9465812 4.0920000 399.22 200.00 GMRT band3
60349.306307 13.300726 0.000233 5.72 6.5464308 5.7241822 2.6800000 399.22 200.00 GMRT band3
60359.127257 13.300745 0.000451 17.54 14.5034303 14.1589634 3.3540000 399.22 200.00 GMRT band3
60371.274537 13.300467 0.000193 3.61 4.1851222 3.3266368 1.8485000 399.22 200.00 GMRT band3
60378.114699 13.300637 0.000322 17.91 12.3636183 12.7403973 2.5180000 399.22 200.00 GMRT band3
60388.231192 13.300875 0.000390 38.83 14.4038108 14.2078829 2.1780000 399.22 200.00 GMRT band3
60398.083854 13.300640 0.000290 17.97 10.6951907 9.9346391 2.4135000 399.22 200.00 GMRT band3
