58241.945834 13.301841 0.001522 3.97 201.2821613 202.2297757 36.4755000 929.95 200.00 GMRT band3+5
58260.001331 13.303172 0.000276 0.59 23.3958886 14.1562484 13.9980000 929.95 200.00 GMRT band3+5
58276.859305 13.302585 0.000774 0.98 25.2078026 19.9603747 23.9830000 929.95 200.00 GMRT band3+5
58322.689641 13.302862 0.000371 1.23 20.8944080 19.9852491 14.4440000 929.95 200.00 GMRT band3+5
58340.656134 13.303373 0.000584 0.91 32.3754604 24.6596048 21.1640000 929.95 200.00 GMRT band3+5
58355.612558 13.303244 0.000242 0.74 20.2671152 8.8858257 9.5010000 929.95 200.00 GMRT band3+5
58389.461458 13.302928 0.000247 0.25 15.0320171 14.3387544 18.1130000 929.95 200.00 GMRT band3+5
58440.437906 13.301884 0.000427 0.40 24.5421366 23.4434050 25.6790000 929.95 200.00 GMRT band3+5
58481.313599 13.303764 0.000904 0.89 24.0008455 20.5329908 27.0690000 929.95 200.00 GMRT band3+5
58524.200289 13.303238 0.000541 0.73 32.2734976 20.2620557 18.8275000 929.95 200.00 GMRT band3+5
58552.196354 13.302904 0.000188 0.47 20.3695936 9.1175027 9.6190000 929.95 200.00 GMRT band3+5
58567.010937 13.301950 0.000627 1.00 19.9264647 15.9028060 16.0325000 929.95 200.00 GMRT band3+5
57684.517592 13.301771 0.000465 2.06 46.6480295 44.0695554 27.4165000 880.05 400.00 GMRT band3+5
57698.462327 13.302630 0.000181 0.76 25.5211691 13.3428566 13.7700000 880.05 400.00 GMRT band3+5
57711.392709 13.302959 0.000308 0.71 23.3763404 13.5886822 16.1065000 880.05 400.00 GMRT band3+5
57740.399827 13.302857 0.000336 1.21 33.3868144 30.0113047 24.7885000 880.05 400.00 GMRT band3+5
57759.190162 13.303122 0.000364 1.14 33.6564017 21.8007808 15.2855000 880.05 400.00 GMRT band3+5
57768.330382 13.302461 0.000249 0.70 23.3995012 25.4598117 12.0420000 880.05 400.00 GMRT band3+5
57782.230150 13.303139 0.000388 2.45 36.5954465 34.3623801 14.8305000 880.05 400.00 GMRT band3+5
57796.093692 13.302856 0.000246 1.77 32.0195264 21.6426917 13.4220000 880.05 400.00 GMRT band3+5
57810.007234 13.302415 0.000291 1.33 35.0639901 31.8661177 15.0920000 880.05 400.00 GMRT band3+5
57838.014526 13.302542 0.000243 1.75 32.9918610 25.6422507 11.2275000 880.05 400.00 GMRT band3+5
57873.031656 13.302653 0.000145 1.42 24.4099222 13.7639383 8.7890000 880.05 400.00 GMRT band3+5
57885.911632 13.302723 0.000136 0.92 17.7772897 9.8996858 7.9110000 880.05 400.00 GMRT band3+5
57897.983855 13.302726 0.000098 0.83 16.8962794 8.2160787 5.8085000 880.05 400.00 GMRT band3+5
57911.934548 13.302713 0.000195 1.64 29.1577359 18.0266052 8.1255000 880.05 400.00 GMRT band3+5
57928.759202 13.302402 0.000543 2.56 36.4306045 37.9489359 16.7600000 880.05 400.00 GMRT band3+5
57942.937211 13.302308 0.000157 1.15 17.8542823 10.5978883 8.8430000 880.05 400.00 GMRT band3+5
57956.761864 13.302668 0.000184 0.87 25.7231360 11.9150014 12.1095000 880.05 400.00 GMRT band3+5
57970.713716 13.302617 0.000218 1.24 18.4514076 17.7955639 16.2165000 880.05 400.00 GMRT band3+5
57997.673785 13.302819 0.000339 1.95 37.0242002 30.8064951 17.9590000 880.05 400.00 GMRT band3+5
58012.565683 13.302752 0.000302 2.12 30.4148333 20.9412946 14.2200000 880.05 400.00 GMRT band3+5
58064.518924 13.302279 0.000295 0.60 52.7574610 43.3196689 26.8780000 880.00 400.00 GMRT band3+5
58133.244618 13.302775 0.000331 1.57 38.3144149 30.6605470 17.4620000 880.00 400.00 GMRT band3+5
58160.152431 13.302964 0.000249 1.57 30.1782261 24.4693891 14.0690000 880.00 400.00 GMRT band3+5
58188.072685 13.302930 0.000252 1.67 20.2047496 19.9601828 16.1175000 880.00 400.00 GMRT band3+5
58781.448727 13.303332 0.000205 0.73 30.9063970 4.1484832 5.3430000 879.95 400.00 GMRT band3+5
58792.445892 13.303183 0.000179 1.89 27.9481196 10.7995727 6.6225000 879.95 400.00 GMRT band3+5
58804.348553 13.302675 0.000191 2.30 22.8626273 9.3776682 4.6300000 879.95 400.00 GMRT band3+5
58813.466898 13.302667 0.000088 1.20 19.3572662 6.2177414 3.7465000 879.95 400.00 GMRT band3+5
58833.260070 13.302554 0.000087 2.01 17.8612029 4.6139349 2.8230000 879.95 400.00 GMRT band3+5
58844.197396 13.302302 0.000100 2.00 10.9863603 4.0568693 3.1455000 879.95 400.00 GMRT band3+5
58854.146759 13.302122 0.000186 3.21 23.6909197 15.1512293 5.2190000 879.95 400.00 GMRT band3+5
58865.199826 13.302410 0.000244 2.37 95.7115040 106.9208390 4.0710000 879.95 400.00 GMRT band3+5
58874.048727 13.302525 0.000832 40.20 2114.2894444 2107.5690398 3.5515000 879.95 400.00 GMRT band3+5
58903.078530 13.302546 0.000119 1.71 22.6466750 6.6367484 4.3260000 879.95 400.00 GMRT band3+5
58914.182928 13.302841 0.000136 0.37 22.9663950 4.6734999 5.3560000 879.95 400.00 GMRT band3+5
58922.142535 13.302310 0.000126 3.04 23.5384869 13.5173777 4.4055000 879.95 400.00 GMRT band3+5
59349.043692 13.301340 0.000246 5.71 10.1285210 7.4878478 2.5010000 879.67 400.00 GMRT band3+5
59360.039641 13.302050 0.000437 34.15 28.9638729 25.2172584 3.1010000 879.67 400.00 GMRT band3+5
59370.871470 13.301509 0.000217 7.02 15.2109343 10.9323412 4.3325000 879.67 400.00 GMRT band3+5
59380.863599 13.302168 0.000224 11.07 21.1468652 13.4020799 2.6540000 879.67 400.00 GMRT band3+5
59391.765046 13.301973 0.000297 6.32 21.9235447 11.0038033 2.9760000 879.67 400.00 GMRT band3+5
59403.835474 13.301689 0.000160 11.05 14.4338306 10.3871113 2.4475000 879.67 400.00 GMRT band3+5
59425.728183 13.301443 0.000125 5.08 10.1146330 5.0047220 2.4755000 879.66 400.00 GMRT band3+5
59441.608044 13.302014 0.000255 11.33 15.5853867 9.2786623 2.8110000 879.66 400.00 GMRT band3+5
59449.587094 13.302150 0.000397 31.44 16.6661302 13.7778269 3.1960000 879.66 400.00 GMRT band3+5
59460.592477 13.301390 0.000176 3.77 23.3010740 23.1847802 9.1800000 879.66 400.00 GMRT band3+5
59469.548553 13.301410 0.000260 8.02 18.3123314 19.7397295 4.4750000 879.66 400.00 GMRT band3+5
59481.588600 13.301712 0.000200 4.94 12.0347023 7.3094718 3.9170000 879.66 400.00 GMRT band3+5
59489.566493 13.302112 0.000210 8.11 15.6145875 12.1232259 3.9380000 879.66 400.00 GMRT band3+5
59496.522049 13.301003 0.000282 2.38 25.5523936 25.2226019 16.8075000 879.66 400.00 GMRT band3+5
59520.408738 13.301415 0.000277 8.67 11.2674625 9.2841095 2.7795000 879.66 400.00 GMRT band3+5
59531.404630 13.301729 0.000209 8.70 15.9129132 8.5955443 2.7660000 879.66 400.00 GMRT band3+5
59540.569155 13.301355 0.000386 7.98 14.9229716 11.8854827 4.1390000 879.66 400.00 GMRT band3+5
59551.322801 13.301488 0.000216 8.08 11.7973865 10.0114774 3.0935000 879.66 400.00 GMRT band3+5
59569.327257 13.301911 0.000301 10.45 12.0291725 10.7414043 3.8610000 879.66 400.00 GMRT band3+5
59580.202141 13.301545 0.000201 8.66 10.6380353 11.1128794 2.8930000 879.66 400.00 GMRT band3+5
59590.354340 13.301531 0.000280 4.20 20.8611841 16.7977984 3.6720000 879.66 400.00 GMRT band3+5
59610.195428 13.301701 0.000440 33.31 16.7776440 16.1035249 3.3925000 879.66 400.00 GMRT band3+5
59621.145775 13.301613 0.000202 5.86 10.6384660 10.5124103 4.0380000 879.66 400.00 GMRT band3+5
59630.216146 13.302832 0.000533 62.27 24.7883492 19.6743448 2.9720000 879.66 400.00 GMRT band3+5
59644.276909 13.300649 0.000284 8.43 12.1178184 14.0888487 3.2505000 879.66 400.00 GMRT band3+5
59650.037558 13.301429 0.000371 21.09 15.6025318 15.8910674 3.1895000 879.66 400.00 GMRT band3+5
59660.101852 13.301606 0.000194 13.66 12.6373215 10.7891017 2.7360000 879.66 400.00 GMRT band3+5
59672.023843 13.301413 0.000366 15.80 12.8036417 9.6525289 2.9390000 879.66 400.00 GMRT band3+5
59696.017997 13.301175 0.000288 17.80 10.8118732 10.1582520 3.1040000 879.66 400.00 GMRT band3+5
59706.017534 13.301702 0.000297 13.85 17.0259359 13.1482710 2.8980000 879.66 400.00 GMRT band3+5
59719.045891 13.301674 0.000191 7.89 10.5398992 5.7146975 2.6740000 879.66 400.00 GMRT band3+5
59726.051910 13.301276 0.000160 7.68 16.8722905 15.8921511 3.7330000 879.66 400.00 GMRT band3+5
59734.996470 13.301662 0.000201 8.30 13.2985704 8.2295063 5.6520000 879.66 400.00 GMRT band3+5
59756.834838 13.301552 0.000258 1.68 9.8591644 8.9905345 6.6355000 879.66 400.00 GMRT band3+5
59767.899132 13.301523 0.000351 14.48 13.6355166 14.1943729 2.9870000 879.66 400.00 GMRT band3+5
59777.836516 13.302230 0.000246 4.69 12.3407792 9.9746406 4.5150000 879.66 400.00 GMRT band3+5
59788.795428 13.301047 0.000303 16.14 11.9317412 11.0566525 2.4850000 879.66 400.00 GMRT band3+5
59796.808507 13.301353 0.000108 3.30 8.0404076 4.7833164 2.6200000 879.66 400.00 GMRT band3+5
59805.736284 13.301918 0.000353 9.79 8.7046658 11.7307471 3.1780000 879.66 400.00 GMRT band3+5
59816.786169 13.301711 0.000165 6.00 13.1623903 7.7667907 1.9990000 879.66 400.00 GMRT band3+5
59826.578646 13.301845 0.000221 8.19 11.8833346 6.6468182 2.4680000 879.66 400.00 GMRT band3+5
59837.752720 13.301740 0.000162 3.08 13.9672077 11.0298406 4.9870000 879.66 400.00 GMRT band3+5
59846.529398 13.301051 0.000322 2.45 22.0215564 20.8799533 7.7425000 879.66 400.00 GMRT band3+5
59887.494444 13.301061 0.000161 7.08 10.8837618 11.5315606 2.9860000 879.66 400.00 GMRT band3+5
59905.474363 13.302329 0.000311 14.96 12.4983382 11.6152968 2.5855000 879.66 400.00 GMRT band3+5
59925.375116 13.301411 0.000120 3.39 8.6717413 4.6508059 2.6445000 879.66 400.00 GMRT band3+5
59944.224826 13.301337 0.000123 1.68 6.4839633 4.4562842 3.2000000 879.66 400.00 GMRT band3+5
59964.271412 13.301217 0.000297 11.31 18.2179948 16.7471692 4.3800000 879.66 400.00 GMRT band3+5
59986.193460 13.301045 0.000216 8.30 15.1067805 15.6521844 2.5020000 879.66 400.00 GMRT band3+5
60006.118345 13.300935 0.000008 0.60 0.4412381 0.4312808 0.5390000 879.66 400.00 GMRT band3+5
60014.131539 13.301003 0.000148 5.30 5.3966921 5.2088081 2.3045000 879.66 400.00 GMRT band3+5
60024.095197 13.301065 0.000176 6.43 7.6491572 7.0035039 2.9880000 879.66 400.00 GMRT band3+5
60062.038599 13.301197 0.000369 22.61 12.6000709 11.1710879 2.7200000 879.66 400.00 GMRT band3+5
60082.940104 13.300935 0.000261 15.63 6.5469263 6.5402040 2.3050000 879.66 400.00 GMRT band3+5
60098.853877 13.300917 0.000212 10.70 12.2626193 12.1351435 2.3440000 879.66 400.00 GMRT band3+5
60117.854572 13.300532 0.000424 7.55 18.9293778 19.1219255 8.9800000 879.66 400.00 GMRT band3+5
60138.805324 13.299700 0.000303 10.73 12.9611440 12.2682561 2.8785000 879.66 400.00 GMRT band3+5
60174.681771 13.300382 0.000198 8.05 12.4887961 8.1745945 2.9310000 879.66 400.00 GMRT band3+5
60259.404340 13.300580 0.000140 7.23 7.9570001 7.8662955 2.8420000 879.66 400.00 GMRT band3+5
60286.361632 13.300424 0.000190 7.71 12.3719223 15.3834214 3.0945000 879.66 400.00 GMRT band3+5
60301.253183 13.300701 0.000205 8.82 12.6079121 12.6717284 3.6000000 879.66 400.00 GMRT band3+5
60318.246643 13.300455 0.000135 2.08 8.7580538 6.0087513 3.6410000 879.66 400.00 GMRT band3+5
60338.308565 13.300931 0.000331 19.21 13.4625204 13.4596179 3.8270000 879.66 400.00 GMRT band3+5
60359.127257 13.300675 0.000325 15.06 14.0151895 13.2155112 3.7600000 879.66 400.00 GMRT band3+5
60378.114699 13.300457 0.000220 16.85 12.3536516 12.0737410 2.5180000 879.66 400.00 GMRT band3+5
60398.083854 13.300626 0.000238 15.42 10.3822936 8.7770824 2.4295000 879.66 400.00 GMRT band3+5
