58241.968750 10.390778 0.000257 305.51 538.9143674 131.8576532 7.0200000 929.95 200.00 GMRT band3+5
58260.027489 10.390297 0.000158 0.09 5.1632888 2.6730586 8.2020000 929.95 200.00 GMRT band3+5
58276.890799 10.390973 0.000200 0.86 4.4423275 6.0888187 5.4460000 929.95 200.00 GMRT band3+5
58322.713600 10.390870 0.000071 0.28 2.5062376 2.1100938 3.6790000 929.95 200.00 GMRT band3+5
58340.679398 10.390647 0.000166 1.14 4.3579875 4.0585077 4.4150000 929.95 200.00 GMRT band3+5
58355.635648 10.390642 0.000048 0.14 1.0486184 0.8289163 3.0905000 929.95 200.00 GMRT band3+5
58371.632060 10.391097 0.000213 0.39 10.4090110 10.9447730 13.4790000 929.95 200.00 GMRT band3+5
58440.464352 10.390960 0.000113 0.78 3.5995129 3.3996838 3.4150000 929.95 200.00 GMRT band3+5
58481.335706 10.390958 0.000157 0.45 6.3052367 4.6370773 6.5260000 929.95 200.00 GMRT band3+5
58524.241204 10.391271 0.000437 1.73 5.0393422 4.5772983 2.8030000 929.95 200.00 GMRT band3+5
58552.217708 10.390744 0.000120 0.22 3.0517215 3.1007281 4.4830000 929.95 200.00 GMRT band3+5
58567.032292 10.390964 0.000130 0.52 14.2894639 18.3663047 3.4350000 929.95 200.00 GMRT band3+5

57711.413484 10.391098 0.000080 0.96 9.8925798 8.7383417 9.6070000 880.05 400.00 GMRT band3+5
57740.419850 10.391094 0.000123 1.30 10.4365391 11.7008104 10.6570000 880.05 400.00 GMRT band3+5
57759.209549 10.391319 0.000143 1.19 17.0513190 16.1133553 11.8000000 880.05 400.00 GMRT band3+5
57768.350405 10.391152 0.000096 0.87 11.3246947 10.3204820 9.3730000 880.05 400.00 GMRT band3+5
57782.250058 10.390988 0.000184 0.95 8.8919402 8.7636087 9.8400000 880.05 400.00 GMRT band3+5
57796.113368 10.391191 0.000060 0.73 9.3435778 9.5794867 7.4800000 880.05 400.00 GMRT band3+5
57873.049711 10.390921 0.000107 0.64 8.4862697 6.5351955 5.7430000 880.05 400.00 GMRT band3+5
57885.958392 10.390955 0.000058 0.65 9.4145792 10.5714818 8.9505000 880.05 400.00 GMRT band3+5
57898.001736 10.390985 0.000052 0.66 5.2536885 4.9066597 5.6685000 880.05 400.00 GMRT band3+5
57911.953183 10.390697 0.000164 1.81 10.9875878 11.0280364 8.4010000 880.05 400.00 GMRT band3+5
57970.732581 10.390893 0.000114 0.61 6.1786111 5.0875161 6.3860000 880.05 400.00 GMRT band3+5
57985.703530 10.390919 0.000083 1.00 14.6314145 13.3152116 9.0880000 880.05 400.00 GMRT band3+5
57997.693576 10.390928 0.000076 1.02 12.5698534 12.0666415 8.7700000 880.05 400.00 GMRT band3+5
58012.584665 10.390999 0.000086 0.69 8.1243809 7.6283698 6.3130000 880.05 400.00 GMRT band3+5
58064.547222 10.390927 0.000106 1.24 17.8219137 17.9806635 11.0450000 880.00 400.00 GMRT band3+5
58133.265046 10.390817 0.000089 1.63 10.6194585 10.2145674 8.5010000 880.00 400.00 GMRT band3+5
58160.173495 10.390864 0.000120 0.80 10.1271986 9.8646926 6.9460000 880.00 400.00 GMRT band3+5
58188.093577 10.390792 0.000079 1.17 13.3838605 13.3794882 9.8600000 880.00 400.00 GMRT band3+5
58992.876910 10.390959 0.000023 1.40 5.1179652 1.0298760 0.8000000 879.95 400.00 GMRT band3+5
59000.965972 10.390976 0.000043 0.32 4.6799802 4.3063107 5.4400000 879.95 400.00 GMRT band3+5
59008.821470 10.390976 0.000014 0.90 3.8622730 1.3294172 0.8680000 879.95 400.00 GMRT band3+5
59015.937674 10.390947 0.000026 1.74 5.2874870 2.2715360 1.0050000 879.95 400.00 GMRT band3+5
59022.866840 10.390974 0.000020 1.74 3.8441867 4.3414384 0.6620000 879.95 400.00 GMRT band3+5
59032.780440 10.390965 0.000052 1.44 5.0230981 2.0820550 0.9325000 879.95 400.00 GMRT band3+5
59037.853646 10.391001 0.000018 1.41 4.5577451 2.4804945 1.2830000 879.95 400.00 GMRT band3+5
59044.894965 10.390993 0.000019 0.98 4.2271982 1.2903952 0.8960000 879.95 400.00 GMRT band3+5
59075.662037 10.391054 0.000015 1.64 4.1559998 0.8208522 0.7080000 879.95 400.00 GMRT band3+5
59082.670197 10.391061 0.000019 2.01 6.2006955 1.1947836 0.5800000 879.95 400.00 GMRT band3+5
59093.745081 10.391064 0.000024 1.62 5.6183611 1.0916128 0.8475000 879.95 400.00 GMRT band3+5
59100.704803 10.391075 0.000026 1.54 5.7332886 1.1782667 0.7640000 879.95 400.00 GMRT band3+5
59106.701331 10.391093 0.000011 0.98 5.1062696 1.2316421 0.8315000 879.95 400.00 GMRT band3+5
59113.586574 10.390983 0.000073 0.86 5.9793210 2.3348995 1.2885000 879.95 400.00 GMRT band3+5
59133.442419 10.391113 0.000019 0.63 6.3261992 0.7359839 0.9710000 879.95 400.00 GMRT band3+5
59156.514988 10.391115 0.000019 1.55 5.2414687 0.9750597 0.6690000 879.85 400.00 GMRT band3+5
59166.413368 10.391152 0.000020 1.39 8.1551504 0.9150125 0.6660000 879.85 400.00 GMRT band3+5
59175.380671 10.391204 0.000017 1.11 8.7448316 1.1976483 0.7450000 879.85 400.00 GMRT band3+5
59187.414988 10.391081 0.000028 1.31 5.1111688 1.3081698 1.1030000 879.85 400.00 GMRT band3+5
59196.381424 10.391186 0.000013 1.45 6.6942884 0.7755946 0.6400000 879.85 400.00 GMRT band3+5
59208.413484 10.391265 0.000026 1.59 7.8266841 2.1843449 0.9160000 879.85 400.00 GMRT band3+5
59217.282928 10.391275 0.000024 2.04 7.8791821 1.1928611 0.9060000 879.85 400.00 GMRT band3+5
59230.230787 10.391213 0.000023 2.03 6.8066282 1.4172311 0.6055000 879.86 400.00 GMRT band3+5
59238.324711 10.391320 0.000021 2.61 7.9125940 1.6077334 0.6710000 879.86 400.00 GMRT band3+5
59252.128530 10.391208 0.000017 5.50 7.5607557 0.9716279 0.3610000 879.86 400.00 GMRT band3+5
59264.157986 10.391282 0.000022 2.93 7.2479202 1.4556826 0.7440000 879.86 400.00 GMRT band3+5
59272.121238 10.391286 0.000015 1.02 6.2011570 2.5310120 1.8645000 879.86 400.00 GMRT band3+5
59281.083623 10.391280 0.000025 1.91 7.4211317 2.0176096 0.9800000 879.86 400.00 GMRT band3+5
59288.045833 10.391282 0.000039 1.38 8.2587554 2.9944165 2.0650000 879.86 400.00 GMRT band3+5
59301.042187 10.391242 0.000022 1.04 6.1239424 1.5557378 1.3790000 879.86 400.00 GMRT band3+5
59309.176967 10.391296 0.000027 0.57 6.4718950 1.7330007 1.8900000 879.86 400.00 GMRT band3+5
59349.008333 10.391198 0.000014 1.67 7.3251060 1.4534625 0.5650000 879.67 400.00 GMRT band3+5
59360.006076 10.391146 0.000021 1.01 7.8785724 1.8643976 0.9780000 879.67 400.00 GMRT band3+5
59370.837500 10.391212 0.000032 1.40 6.3172099 2.0810143 1.4360000 879.67 400.00 GMRT band3+5
59380.831539 10.391155 0.000020 3.66 6.5774540 1.2932721 0.6045000 879.67 400.00 GMRT band3+5
59391.732581 10.391034 0.000017 3.23 5.2732332 1.7585362 0.6150000 879.67 400.00 GMRT band3+5
59403.803761 10.391020 0.000010 0.99 4.5150176 1.1176744 0.9375000 879.67 400.00 GMRT band3+5
59413.713252 10.390988 0.000092 0.58 5.3480781 4.9384211 4.1410000 879.67 400.00 GMRT band3+5
59425.694271 10.390977 0.000028 1.16 4.8914519 1.0288440 0.8065000 879.66 400.00 GMRT band3+5
59441.684317 10.391007 0.000015 1.76 4.5922626 1.0212735 0.7115000 879.66 400.00 GMRT band3+5
59449.552141 10.391036 0.000019 1.53 4.4621524 0.8298388 0.6025000 879.66 400.00 GMRT band3+5
59460.559954 10.390988 0.000018 1.61 4.3714771 2.0139327 0.4960000 879.66 400.00 GMRT band3+5
59469.515220 10.391021 0.000015 2.27 4.9674939 1.0292518 0.4955000 879.66 400.00 GMRT band3+5
59481.556655 10.390992 0.000013 1.02 5.0319980 0.6833109 0.5940000 879.66 400.00 GMRT band3+5
59489.534259 10.391011 0.000014 2.60 5.2689050 0.7622959 0.4010000 879.66 400.00 GMRT band3+5
59496.489641 10.391011 0.000017 1.61 4.7746999 1.1966135 0.7665000 879.66 400.00 GMRT band3+5
59520.374132 10.390994 0.000019 1.07 4.5891787 1.8608827 0.9640000 879.66 400.00 GMRT band3+5
59531.370370 10.390991 0.000017 2.31 4.1090852 4.3121532 0.4670000 879.66 400.00 GMRT band3+5
59540.493461 10.390972 0.000013 0.87 6.2818480 0.9058748 0.6100000 879.66 400.00 GMRT band3+5
59551.445197 10.391038 0.000025 1.43 5.9893801 1.0889247 0.7775000 879.66 400.00 GMRT band3+5
59560.392129 10.391042 0.000023 0.89 8.1479085 2.5028335 0.7830000 879.56 400.00 GMRT band3+5
59569.293171 10.391020 0.000016 2.12 5.5854816 1.5670591 0.7465000 879.66 400.00 GMRT band3+5
59580.236748 10.390997 0.000015 1.28 4.6919430 0.9554705 0.6590000 879.66 400.00 GMRT band3+5
59590.320660 10.391068 0.000018 1.65 8.4763513 1.5841788 0.6160000 879.66 400.00 GMRT band3+5
59600.217882 10.390961 0.000020 1.50 4.7766047 1.9351807 1.1195000 879.66 400.00 GMRT band3+5
59610.160532 10.390968 0.000020 1.18 5.2779081 1.1325960 0.8250000 879.66 400.00 GMRT band3+5
59630.181308 10.390899 0.000010 2.08 3.4560583 1.0360002 0.4285000 879.66 400.00 GMRT band3+5
59644.078183 10.390878 0.000014 1.34 3.0859499 0.9187745 0.6440000 879.66 400.00 GMRT band3+5
59650.110127 10.390818 0.000011 2.06 2.8087112 1.0115081 0.5535000 879.66 400.00 GMRT band3+5
59660.042187 10.390837 0.000012 1.77 3.1046359 0.6476234 0.3990000 879.66 400.00 GMRT band3+5
59671.988715 10.390808 0.000013 3.10 2.5709309 0.7493683 0.3280000 879.66 400.00 GMRT band3+5
59695.947396 10.390809 0.000013 2.11 3.0000800 0.8712011 0.4615000 879.66 400.00 GMRT band3+5
59705.948437 10.390784 0.000012 1.58 2.1243223 0.9004867 0.6010000 879.66 400.00 GMRT band3+5
59718.975058 10.390792 0.000011 1.54 2.1272324 0.6779185 0.4235000 879.66 400.00 GMRT band3+5
59726.018634 10.390803 0.000017 3.26 2.3977137 0.8407563 0.3355000 879.66 400.00 GMRT band3+5
59734.927373 10.390777 0.000018 2.11 2.1126820 0.9306277 0.7970000 879.66 400.00 GMRT band3+5
59756.763889 10.390765 0.000024 2.70 2.4621852 1.0935562 0.5505000 879.66 400.00 GMRT band3+5
59767.794734 10.390773 0.000013 1.94 2.0851599 1.3523727 0.5680000 879.66 400.00 GMRT band3+5
59777.727372 10.390770 0.000019 0.87 2.3673759 1.3033060 0.9980000 879.66 400.00 GMRT band3+5
59788.726678 10.390756 0.000018 2.50 2.0726535 0.9667755 0.5610000 879.66 400.00 GMRT band3+5
59796.840625 10.390774 0.000014 1.96 2.5055724 1.2186968 0.5435000 879.66 400.00 GMRT band3+5
59805.665914 10.390769 0.000023 1.54 2.6283528 1.3861453 0.7660000 879.66 400.00 GMRT band3+5
59816.736863 10.390756 0.000012 2.28 1.9692477 0.9787893 0.4530000 879.66 400.00 GMRT band3+5
59846.578819 10.390820 0.000021 0.90 2.8198533 1.7393266 1.5720000 879.66 400.00 GMRT band3+5
59887.460127 10.390760 0.000012 1.14 2.2898988 1.0405716 0.9815000 879.66 400.00 GMRT band3+5
59925.312789 10.390903 0.000016 1.95 3.5787460 1.1057435 0.5960000 879.66 400.00 GMRT band3+5
59944.308854 10.391095 0.000015 2.01 4.7967070 0.8128647 0.6460000 879.66 400.00 GMRT band3+5
59964.344734 10.391008 0.000019 0.79 4.4940402 1.4963088 1.1600000 879.66 400.00 GMRT band3+5
59986.159375 10.390668 0.000012 2.86 1.1031004 1.0508646 0.3490000 879.66 400.00 GMRT band3+5
60006.082870 10.390581 0.000003 0.23 0.2664088 0.2347580 0.3615000 879.66 400.00 GMRT band3+5
60014.158912 10.390599 0.000015 2.32 0.7316770 0.7732893 0.4280000 879.66 400.00 GMRT band3+5
60024.008160 10.390548 0.000012 1.76 1.0216560 0.9715355 0.7570000 879.66 400.00 GMRT band3+5
60062.005266 10.390506 0.000013 1.88 1.2251365 0.7377940 0.4430000 879.66 400.00 GMRT band3+5
60082.906192 10.390529 0.000013 1.22 1.6144966 1.4265119 0.9020000 879.66 400.00 GMRT band3+5
60098.966609 10.390520 0.000013 1.58 1.0524774 0.7701030 0.5305000 879.66 400.00 GMRT band3+5
60117.819271 10.390523 0.000020 1.21 1.6496758 1.2455362 0.8000000 879.66 400.00 GMRT band3+5
60138.730440 10.390535 0.000014 1.45 1.0720860 0.7516879 0.5340000 879.66 400.00 GMRT band3+5
60156.720602 10.390486 0.000010 0.91 1.4962497 0.6784065 0.6465000 879.66 400.00 GMRT band3+5
60174.647049 10.390552 0.000012 1.47 1.0181589 0.7521421 0.4720000 879.66 400.00 GMRT band3+5
60195.612500 10.390587 0.000021 0.38 1.1206770 1.1015284 1.2535000 879.66 400.00 GMRT band3+5
60259.374247 10.390581 0.000027 1.29 2.5092261 2.4413608 0.9825000 879.66 400.00 GMRT band3+5
60286.302835 10.390641 0.000018 1.51 1.9795840 1.8181030 0.9070000 879.66 400.00 GMRT band3+5
60301.282581 10.390784 0.000019 1.30 2.4157669 0.8907360 0.8350000 879.66 400.00 GMRT band3+5
60318.216377 10.391034 0.000019 2.26 5.2726452 1.6414202 0.6220000 879.66 400.00 GMRT band3+5
60338.197511 10.390659 0.000014 1.83 1.3134727 0.9660472 0.4940000 879.66 400.00 GMRT band3+5
60359.097049 10.390492 0.000012 0.74 1.1249068 0.6999678 0.6040000 879.66 400.00 GMRT band3+5
60378.054340 10.390474 0.000013 1.69 1.6798251 1.2670922 0.7250000 879.66 400.00 GMRT band3+5
60398.024942 10.390451 0.000015 1.18 2.1264944 1.0502717 0.7560000 879.66 400.00 GMRT band3+5
