58241.968750 10.391290 0.000548 0.39 3.9654277 114.5660486 5.0270000 449.95 100.00 GMRT band3
58260.027489 10.391069 0.000138 0.01 1.7083595 2.6095004 8.0750000 449.95 100.00 GMRT band3
58276.890799 10.392579 0.000099 0.02 5.6775700 4.6598794 4.4620000 449.95 100.00 GMRT band3
58322.713600 10.390599 0.000319 0.33 2.0531601 2.2508570 3.6790000 449.95 100.00 GMRT band3
58340.679398 10.389791 0.000832 1.28 3.9052394 3.9351970 4.4150000 449.95 100.00 GMRT band3
58355.635648 10.390154 0.000111 0.03 1.0736573 1.1871809 3.0905000 449.95 100.00 GMRT band3
58371.632060 10.390144 0.001692 0.43 11.0265905 11.6363573 13.6780000 449.95 100.00 GMRT band3
58389.523264 10.388287 0.000944 0.54 7.0269717 3.5298300 6.4780000 449.95 100.00 GMRT band3
58440.464352 10.389992 0.000264 0.25 2.8007795 3.7803002 3.4150000 449.95 100.00 GMRT band3
58481.335706 10.392364 0.000417 0.15 6.7425129 5.7479102 6.5260000 449.95 100.00 GMRT band3
58524.241204 10.391651 0.000789 2.23 3.8738689 3.8609535 2.7480000 449.95 100.00 GMRT band3
58552.217708 10.390982 0.000275 0.17 2.1772051 1.8844865 3.8040000 449.95 100.00 GMRT band3
58567.032292 10.390826 0.000416 0.71 2.7364344 2.1050977 2.7390000 449.95 100.00 GMRT band3
57711.413484 10.391283 0.000235 1.01 9.8312087 8.8251946 10.1750000 400.05 200.00 GMRT band3
57740.419850 10.391041 0.000296 1.38 10.2860879 11.7904406 10.7100000 400.05 200.00 GMRT band3
57759.209549 10.391917 0.000286 1.02 17.0213166 16.3278763 11.8240000 400.05 200.00 GMRT band3
57768.350405 10.391439 0.000216 0.86 11.2416550 10.4314785 9.4975000 400.05 200.00 GMRT band3
57782.250058 10.391086 0.000216 0.98 8.6830500 9.1137355 9.8400000 400.05 200.00 GMRT band3
57796.113368 10.391044 0.000218 0.75 9.2363873 9.6609964 8.6820000 400.05 200.00 GMRT band3
57873.049711 10.390967 0.000120 0.54 6.7730677 5.7619745 5.7430000 400.05 200.00 GMRT band3
57885.958392 10.390622 0.000179 0.61 9.3584560 10.6356244 9.6230000 400.05 200.00 GMRT band3
57898.001736 10.390791 0.000154 0.66 5.0572126 4.9748906 6.4125000 400.05 200.00 GMRT band3
57911.953183 10.390970 0.000315 1.82 11.0689088 11.1561137 9.2630000 400.05 200.00 GMRT band3
57970.732581 10.390853 0.000180 0.64 5.9594893 5.1799892 6.3860000 400.05 200.00 GMRT band3
57985.703530 10.390769 0.000283 1.05 14.6741096 13.4274986 9.2480000 400.05 200.00 GMRT band3
57997.693576 10.390927 0.000272 1.10 12.6120368 12.1469001 8.8090000 400.05 200.00 GMRT band3
58012.584665 10.390747 0.000143 0.62 7.9327612 7.7834394 6.4130000 400.05 200.00 GMRT band3
58048.497685 10.391122 0.000205 0.63 9.3693168 9.1721565 8.2470000 400.05 200.00 GMRT band3
58064.547222 10.390554 0.000357 1.27 17.9124749 18.0931521 12.2210000 400.05 200.00 GMRT band3
58090.418924 10.391215 0.000170 0.55 7.8327894 6.7348679 8.0765000 400.05 200.00 GMRT band3
58118.319213 10.390781 0.000432 1.60 14.0971492 13.8623358 11.1695000 400.05 200.00 GMRT band3
58133.265046 10.390776 0.000304 1.75 10.6750287 10.2989620 8.7995000 400.05 200.00 GMRT band3
58160.173495 10.390999 0.000189 0.82 10.3023832 10.0771763 6.9460000 400.05 200.00 GMRT band3
58188.093577 10.390973 0.000247 1.22 13.4965885 13.4860880 10.1350000 400.05 200.00 GMRT band3
58992.876910 10.390960 0.000024 1.51 3.3091181 0.9813604 0.7990000 399.80 200.00 GMRT band3
59000.965972 10.390748 0.000146 0.30 4.5067007 4.3801958 5.6760000 399.80 200.00 GMRT band3
59008.821470 10.390979 0.000026 0.97 3.2964154 1.3427280 0.8680000 399.80 200.00 GMRT band3
59015.937674 10.390908 0.000028 1.43 2.9896821 1.7847356 1.0050000 399.80 200.00 GMRT band3
59022.866840 10.390974 0.000021 1.79 3.3477369 0.8955093 0.6345000 399.80 200.00 GMRT band3
59032.780440 10.390940 0.000061 1.53 3.5550966 2.3211147 0.9200000 399.80 200.00 GMRT band3
59037.853646 10.390942 0.000050 1.42 4.3024145 2.5118931 1.3965000 399.80 200.00 GMRT band3
59044.894965 10.390991 0.000021 0.96 3.1830046 1.2128781 0.8805000 399.80 200.00 GMRT band3
59075.662037 10.391031 0.000023 1.66 3.0344593 0.8406555 0.7080000 399.80 200.00 GMRT band3
59082.670197 10.391055 0.000021 2.11 3.5125833 1.2635507 0.5730000 399.80 200.00 GMRT band3
59093.745081 10.391068 0.000028 1.73 4.3762897 1.1432546 0.8450000 399.80 200.00 GMRT band3
59100.704803 10.391044 0.000026 1.30 3.2788125 0.9827739 0.7430000 399.80 200.00 GMRT band3
59106.701331 10.391078 0.000020 1.02 4.2829406 1.2599637 0.8315000 399.80 200.00 GMRT band3
59113.586574 10.390823 0.000068 0.46 3.7159444 1.6717884 1.1725000 399.80 200.00 GMRT band3
59133.442419 10.391109 0.000020 0.66 4.3574353 0.7629327 0.8650000 399.80 200.00 GMRT band3
59156.514988 10.391094 0.000025 1.51 4.0050133 0.9918680 0.6690000 399.61 200.00 GMRT band3
59166.413368 10.391152 0.000021 1.49 4.8242841 0.8462238 0.6225000 399.61 200.00 GMRT band3
59175.380671 10.391204 0.000018 1.19 5.1161695 1.2595920 0.7195000 399.61 200.00 GMRT band3
59187.414988 10.391069 0.000033 1.37 3.4986659 1.3171978 1.0820000 399.61 200.00 GMRT band3
59196.381424 10.391182 0.000020 1.55 4.7189424 0.8185834 0.6400000 399.61 200.00 GMRT band3
59208.413484 10.391286 0.000024 1.28 6.6520515 1.7300046 0.9120000 399.61 200.00 GMRT band3
59217.282928 10.391296 0.000028 1.96 6.6835091 1.1914784 0.9060000 399.61 200.00 GMRT band3
59230.230787 10.391259 0.000026 1.62 5.3252963 1.3597654 0.5825000 399.62 200.00 GMRT band3
59238.324711 10.391335 0.000021 2.38 6.3833428 1.0877455 0.6620000 399.62 200.00 GMRT band3
59252.128530 10.391153 0.000014 2.26 4.7588104 0.7651992 0.3610000 399.62 200.00 GMRT band3
59264.157986 10.391417 0.000030 1.51 5.7490867 1.5007515 0.7440000 399.62 200.00 GMRT band3
59272.121238 10.391310 0.000049 1.09 5.6846353 2.5610261 1.9080000 399.62 200.00 GMRT band3
59281.083623 10.391294 0.000036 2.04 5.9502561 2.0846199 0.9800000 399.62 200.00 GMRT band3
59288.045833 10.391335 0.000053 1.37 7.1581353 3.0838402 2.0650000 399.62 200.00 GMRT band3
59301.042187 10.391235 0.000038 1.10 4.8825360 1.5913959 1.3790000 399.62 200.00 GMRT band3
59309.176967 10.391218 0.000069 0.53 5.5884235 1.7114908 1.8900000 399.62 200.00 GMRT band3
59349.008333 10.391205 0.000015 1.66 6.0322164 1.1971932 0.5610000 399.23 200.00 GMRT band3
59360.006076 10.391139 0.000022 1.01 4.7651238 1.3430336 0.9630000 399.23 200.00 GMRT band3
59370.837500 10.391304 0.000055 1.31 5.3840883 2.1290133 1.4360000 399.23 200.00 GMRT band3
59380.831539 10.391238 0.000029 2.64 5.4746799 1.3324142 0.6045000 399.23 200.00 GMRT band3
59391.732581 10.391104 0.000023 2.23 4.7563991 1.7941047 0.6150000 399.23 200.00 GMRT band3
59403.803761 10.391035 0.000023 1.04 4.0885602 1.1378536 0.9375000 399.23 200.00 GMRT band3
59413.713252 10.391125 0.000215 0.63 5.2013362 5.1456017 4.1410000 399.23 200.00 GMRT band3
59425.694271 10.390970 0.000032 1.24 3.3533835 1.0571297 0.7915000 399.22 200.00 GMRT band3
59441.684317 10.391034 0.000023 1.73 3.6144385 1.0338363 0.7115000 399.22 200.00 GMRT band3
59449.552141 10.391056 0.000022 1.48 3.0790134 0.7452339 0.5275000 399.22 200.00 GMRT band3
59460.559954 10.390994 0.000018 1.61 3.4478118 0.8629451 0.4840000 399.22 200.00 GMRT band3
59469.515220 10.391040 0.000017 2.11 3.9576048 0.9920075 0.4765000 399.22 200.00 GMRT band3
59481.556655 10.390993 0.000015 1.10 3.7223221 0.7336442 0.5590000 399.22 200.00 GMRT band3
59489.534259 10.391019 0.000014 2.44 3.9469721 0.5563059 0.3990000 399.22 200.00 GMRT band3
59496.489641 10.391053 0.000022 1.37 4.1070495 1.2324961 0.7665000 399.22 200.00 GMRT band3
59520.374132 10.391005 0.000019 1.00 3.9978910 0.8956384 0.9170000 399.22 200.00 GMRT band3
59531.370370 10.390991 0.000018 2.48 3.1128325 0.7169589 0.4570000 399.22 200.00 GMRT band3
59540.493461 10.390976 0.000014 0.91 3.7956795 0.6726359 0.5780000 399.22 200.00 GMRT band3
59551.445197 10.391045 0.000027 1.51 4.6784631 1.0972375 0.7530000 399.22 200.00 GMRT band3
59560.392129 10.391026 0.000020 0.67 3.1838678 0.8509308 0.6540000 399.22 200.00 GMRT band3
59569.293171 10.391081 0.000029 1.87 4.9175267 1.6048881 0.7465000 399.22 200.00 GMRT band3
59580.236748 10.391004 0.000018 1.35 3.6973923 0.9913029 0.6590000 399.22 200.00 GMRT band3
59590.320660 10.391068 0.000018 1.76 4.5737156 1.1337939 0.5730000 399.22 200.00 GMRT band3
59600.217882 10.390987 0.000041 1.57 4.4817063 1.9582256 1.1195000 399.22 200.00 GMRT band3
59610.160532 10.390966 0.000021 1.25 2.9916966 0.8899646 0.8180000 399.22 200.00 GMRT band3
59621.112037 10.390903 0.000021 1.88 2.0464776 0.5695722 0.4830000 399.22 200.00 GMRT band3
59630.181308 10.390917 0.000015 1.99 2.9567202 1.0589023 0.4285000 399.22 200.00 GMRT band3
59644.078183 10.390909 0.000016 1.04 2.5576148 0.8765604 0.6440000 399.22 200.00 GMRT band3
59650.110127 10.390848 0.000018 1.90 2.4598388 1.0404339 0.5535000 399.22 200.00 GMRT band3
59660.042187 10.390844 0.000013 1.78 2.6143074 0.5692678 0.3880000 399.22 200.00 GMRT band3
59671.988715 10.390818 0.000014 3.00 2.0133553 0.6292632 0.3190000 399.22 200.00 GMRT band3
59695.947396 10.390821 0.000014 1.91 2.2024783 0.8370813 0.4565000 399.22 200.00 GMRT band3
59705.948437 10.390807 0.000017 1.52 1.8573738 0.9184715 0.6010000 399.22 200.00 GMRT band3
59718.975058 10.390795 0.000013 1.61 1.6531416 0.6055642 0.4125000 399.22 200.00 GMRT band3
59726.018634 10.390808 0.000018 3.38 1.8299053 0.6531679 0.3260000 399.22 200.00 GMRT band3
59734.927373 10.390791 0.000020 2.02 1.9465062 0.8794887 0.7825000 399.22 200.00 GMRT band3
59746.783738 10.390787 0.000013 4.93 1.6769657 0.8745123 0.2670000 399.22 200.00 GMRT band3
59756.763889 10.390776 0.000025 2.72 2.2468167 1.0621517 0.5290000 399.22 200.00 GMRT band3
59767.794734 10.390782 0.000018 2.03 1.9378896 1.3791221 0.5680000 399.22 200.00 GMRT band3
59777.727372 10.390802 0.000025 0.82 2.2194050 1.3327776 1.0550000 399.22 200.00 GMRT band3
59788.726678 10.390781 0.000024 2.47 1.8481229 0.9847879 0.5610000 399.22 200.00 GMRT band3
59796.840625 10.390779 0.000020 2.05 2.2737890 1.2478362 0.5435000 399.22 200.00 GMRT band3
59805.665914 10.390792 0.000029 1.55 2.5242269 1.4088960 0.6885000 399.22 200.00 GMRT band3
59816.736863 10.390773 0.000015 2.11 1.8182923 0.9183520 0.4530000 399.22 200.00 GMRT band3
59846.578819 10.390830 0.000033 0.96 2.5340664 1.7876499 1.5720000 399.22 200.00 GMRT band3
59887.460127 10.390804 0.000023 1.05 2.1255668 1.0665993 0.9815000 399.22 200.00 GMRT band3
59897.339410 10.390922 0.000015 2.85 2.8503353 0.6838867 0.3595000 399.22 200.00 GMRT band3
59905.439988 10.390827 0.000025 1.09 2.2622547 0.9788515 1.0855000 399.22 200.00 GMRT band3
59917.462037 10.390927 0.000018 3.01 2.6815810 0.6440472 0.3800000 399.22 200.00 GMRT band3
59925.312789 10.390926 0.000019 1.81 3.1089188 1.1221987 0.5960000 399.22 200.00 GMRT band3
59936.252315 10.391013 0.000015 3.34 3.0742471 0.6038870 0.3090000 399.22 200.00 GMRT band3
59944.308854 10.391105 0.000018 2.00 3.8506083 0.7146874 0.6460000 399.22 200.00 GMRT band3
59954.177373 10.391022 0.000033 1.18 4.1797989 1.7804607 1.0850000 399.22 200.00 GMRT band3
59964.344734 10.391015 0.000029 0.83 4.0162534 1.5252829 1.1790000 399.22 200.00 GMRT band3
59974.229688 10.390945 0.000017 3.37 3.4825118 0.8016045 0.3900000 399.22 200.00 GMRT band3
59986.159375 10.390675 0.000013 2.84 1.1464178 0.8955537 0.3380000 399.22 200.00 GMRT band3
59994.078241 10.390656 0.000011 3.55 0.9111699 0.7294740 0.2890000 399.22 200.00 GMRT band3
60006.082870 10.390585 0.000004 0.23 0.2269264 0.2275401 0.3615000 399.22 200.00 GMRT band3
60014.158912 10.390601 0.000016 2.46 0.7354739 0.7349998 0.4270000 399.22 200.00 GMRT band3
60024.008160 10.390598 0.000017 1.24 0.8657203 0.9531933 0.7570000 399.22 200.00 GMRT band3
60033.983507 10.390566 0.000011 1.88 0.4653716 0.4532950 0.3370000 399.22 200.00 GMRT band3
60062.005266 10.390514 0.000014 1.87 0.8669152 0.7669351 0.4150000 399.22 200.00 GMRT band3
60070.881540 10.390538 0.000016 4.22 0.8188377 0.8047923 0.3410000 399.22 200.00 GMRT band3
60082.906192 10.390533 0.000017 1.29 1.6249768 1.4660149 0.9020000 399.22 200.00 GMRT band3
60089.828241 10.390524 0.000012 1.83 0.7535898 0.6143204 0.3600000 399.22 200.00 GMRT band3
60098.966609 10.390525 0.000015 1.61 0.8062903 0.7578516 0.5030000 399.22 200.00 GMRT band3
60107.796470 10.390559 0.000013 2.29 0.6450391 0.6106837 0.3150000 399.22 200.00 GMRT band3
60117.819271 10.390531 0.000021 1.22 1.2140677 1.1459764 0.7620000 399.22 200.00 GMRT band3
60128.745428 10.390516 0.000012 3.89 0.8752286 0.6050751 0.2680000 399.22 200.00 GMRT band3
60138.730440 10.390560 0.000016 1.24 0.8351091 0.7220111 0.5340000 399.22 200.00 GMRT band3
60149.669734 10.390506 0.000017 2.83 1.0323873 0.6661018 0.4210000 399.22 200.00 GMRT band3
60156.720602 10.390467 0.000016 0.87 1.2662374 0.6749320 0.6465000 399.22 200.00 GMRT band3
60164.675173 10.390490 0.000075 0.76 5.0753845 5.0019214 3.7375000 399.22 200.00 GMRT band3
60174.647049 10.390551 0.000012 1.55 0.7510469 0.5709951 0.4700000 399.22 200.00 GMRT band3
60184.577257 10.390568 0.000018 1.67 0.7642656 0.7022966 0.5340000 399.22 200.00 GMRT band3
60195.612500 10.390588 0.000022 0.41 1.0569828 1.0526406 1.1910000 399.22 200.00 GMRT band3
60203.530266 10.390567 0.000013 2.88 0.6898168 0.7063745 0.3960000 399.22 200.00 GMRT band3
60248.568808 10.390594 0.000018 1.99 0.8533674 0.8470543 0.5740000 399.22 200.00 GMRT band3
60259.374247 10.390588 0.000028 1.31 1.4152471 1.4210740 0.9380000 399.22 200.00 GMRT band3
60267.462095 10.390652 0.000015 3.11 0.8109951 0.6297913 0.3645000 399.22 200.00 GMRT band3
60286.302835 10.390662 0.000028 1.56 2.0199318 1.8666657 0.9070000 399.22 200.00 GMRT band3
60288.442650 10.390751 0.000018 2.81 1.6858592 0.7719865 0.4575000 399.22 200.00 GMRT band3
60301.282581 10.390790 0.000024 1.39 2.0687114 0.9267026 0.8350000 399.22 200.00 GMRT band3
60314.305324 10.390794 0.000020 2.57 2.2341330 0.8564874 0.5150000 399.22 200.00 GMRT band3
60318.216377 10.391054 0.000023 2.25 4.5784450 1.6815319 0.6220000 399.22 200.00 GMRT band3
60328.281192 10.391030 0.000067 1.24 5.6159174 2.9095677 2.1370000 399.95 200.00 GMRT band3
60338.197511 10.390671 0.000017 1.85 1.3478619 0.9731255 0.4940000 399.22 200.00 GMRT band3
60349.254224 10.390613 0.000017 3.04 0.6726772 0.6371593 0.3745000 399.22 200.00 GMRT band3
60359.097049 10.390490 0.000014 0.78 0.8929112 0.7303278 0.6030000 399.22 200.00 GMRT band3
60371.145718 10.390581 0.000016 2.66 0.7878894 0.7985757 0.4330000 399.22 200.00 GMRT band3
60378.054340 10.390471 0.000024 1.79 1.6994361 1.2115463 0.7250000 399.22 200.00 GMRT band3
60388.105961 10.390494 0.000013 4.23 1.0324562 0.7661828 0.3030000 399.22 200.00 GMRT band3
60398.024942 10.390455 0.000017 1.21 1.5696912 1.0018388 0.7090000 399.22 200.00 GMRT band3
