58241.993981 71.018510 0.000154 0.59 7.3555238 3.4413609 3.8690000 449.95 100.00 GMRT band3
58260.062847 71.017989 0.000130 0.37 6.5464776 2.9482869 3.6330000 449.95 100.00 GMRT band3
58276.914236 71.017670 0.000102 0.50 5.6352638 2.0830815 3.1840000 449.95 100.00 GMRT band3
58307.818692 71.017398 0.000342 1.44 10.0913499 8.9932473 7.0930000 449.95 100.00 GMRT band3
58322.736111 71.017610 0.000111 0.44 5.4618276 2.7898663 2.9120000 449.95 100.00 GMRT band3
58340.711980 71.017179 0.000118 0.70 4.1206046 2.4858018 2.5310000 449.95 100.00 GMRT band3
58355.657523 71.017101 0.000092 0.49 4.1644516 2.1580731 2.2715000 449.95 100.00 GMRT band3
58371.666320 71.016714 0.000171 1.23 4.3085069 3.4919221 3.0550000 449.95 100.00 GMRT band3
58389.544734 71.017122 0.000360 1.53 7.7172877 7.1822078 5.6720000 449.95 100.00 GMRT band3
58440.505382 71.017569 0.000156 0.69 5.6665726 3.3933997 3.2680000 449.95 100.00 GMRT band3
58453.416204 71.016766 0.000258 1.40 4.8576210 4.5968342 4.7100000 449.95 100.00 GMRT band3
58467.394734 71.017503 0.000222 1.07 6.8786039 5.3820897 3.9050000 449.95 100.00 GMRT band3
58481.365394 71.017554 0.000138 0.66 5.4340349 3.2327380 3.3535000 449.95 100.00 GMRT band3
58524.268344 71.017284 0.000128 0.54 4.7640441 2.9598497 2.9810000 449.95 100.00 GMRT band3
58567.052835 71.017108 0.000202 1.22 6.0030108 3.8680926 2.9470000 449.95 100.00 GMRT band3
58781.494849 71.016778 0.000040 10.12 8.2495412 1.7872972 0.6270000 399.80 200.00 GMRT band3
58792.490162 71.016904 0.000028 14.50 10.5717733 1.8338347 0.5625000 399.80 200.00 GMRT band3
58804.438542 71.016900 0.000023 13.59 10.4336727 1.5691217 0.4885000 399.80 200.00 GMRT band3
58809.418923 71.016826 0.000067 3.97 10.4231674 2.7825057 1.2990000 399.80 200.00 GMRT band3
58813.328414 71.016838 0.000023 9.23 9.9735113 1.8686286 0.5990000 399.80 200.00 GMRT band3
58820.384202 71.016812 0.000041 3.43 8.9048767 2.7847772 1.1600000 399.80 200.00 GMRT band3
58833.201215 71.016876 0.000026 15.38 10.1399641 1.7242657 0.5065000 399.80 200.00 GMRT band3
58844.245197 71.016912 0.000025 15.80 10.8012139 1.8285163 0.4490000 399.80 200.00 GMRT band3
58846.344966 71.016969 0.000037 15.60 12.1927519 2.5344283 0.5955000 399.80 200.00 GMRT band3
58854.191782 71.017017 0.000024 12.85 10.9238587 1.8027197 0.3900000 399.80 200.00 GMRT band3
58860.313832 71.016975 0.000033 18.75 12.3039652 2.2809784 0.4975000 399.80 200.00 GMRT band3
58865.245312 71.016910 0.000029 21.30 11.4201643 1.6703077 0.3470000 399.80 200.00 GMRT band3
58874.091609 71.016861 0.000028 27.51 9.7926340 1.3291469 0.3020000 399.80 200.00 GMRT band3
58887.216088 71.016814 0.000034 12.35 9.5064081 2.5538302 0.7160000 399.80 200.00 GMRT band3
58893.127257 71.016743 0.000025 15.03 9.1352028 1.7368860 0.4120000 399.80 200.00 GMRT band3
58896.153762 71.016721 0.000040 6.13 9.8805322 2.5483396 0.8765000 399.80 200.00 GMRT band3
58903.123495 71.016636 0.000027 18.32 8.4684804 1.6181500 0.4140000 399.80 200.00 GMRT band3
58911.104167 71.016594 0.000027 12.60 8.7356665 1.8977715 0.4685000 399.80 200.00 GMRT band3
58914.138426 71.016608 0.000028 18.62 7.7199406 1.7020716 0.4300000 399.80 200.00 GMRT band3
58917.193461 71.016587 0.000029 7.07 8.0959969 2.3744606 0.5995000 399.80 200.00 GMRT band3
58922.187326 71.016598 0.000027 19.73 8.5666623 1.8123490 0.4515000 399.80 200.00 GMRT band3
58992.965046 71.016391 0.000023 21.25 6.2165315 1.7686898 0.4520000 399.80 200.00 GMRT band3
59001.049248 71.016413 0.000024 2.18 6.7036316 2.2352897 1.3800000 399.80 200.00 GMRT band3
59008.866262 71.016466 0.000023 10.28 7.0687434 1.7588545 0.5530000 399.80 200.00 GMRT band3
59015.980961 71.016438 0.000024 17.03 6.3382229 1.7738169 0.5490000 399.80 200.00 GMRT band3
59022.730150 71.016373 0.000028 15.11 6.6744671 2.4985696 0.5530000 399.80 200.00 GMRT band3
59032.867130 71.016465 0.000023 23.61 6.3697902 2.0160667 0.4790000 399.80 200.00 GMRT band3
59037.939525 71.016526 0.000020 18.23 7.1336553 2.1159571 0.4780000 399.80 200.00 GMRT band3
59044.938021 71.016544 0.000025 22.26 7.7012716 2.2694221 0.4850000 399.80 200.00 GMRT band3
59062.667072 71.016427 0.000033 16.14 7.1439336 2.4449992 0.6005000 399.80 200.00 GMRT band3
59075.617766 71.016434 0.000029 13.99 6.9408055 2.3603964 0.5770000 399.80 200.00 GMRT band3
59082.626042 71.016454 0.000032 17.12 7.8234439 2.5428167 0.5590000 399.80 200.00 GMRT band3
59093.789178 71.016594 0.000029 19.36 8.0524828 2.2653676 0.5040000 399.80 200.00 GMRT band3
59100.528993 71.016550 0.000030 19.40 7.8721757 2.3855903 0.5450000 399.80 200.00 GMRT band3
59106.742882 71.016568 0.000029 27.00 8.4706576 2.4673342 0.4400000 399.80 200.00 GMRT band3
59113.542419 71.016738 0.000039 5.63 8.5735624 2.5813758 0.8170000 399.80 200.00 GMRT band3
59133.485012 71.016888 0.000024 11.76 10.3925815 1.8061300 0.3880000 399.80 200.00 GMRT band3
59187.460011 71.016887 0.000017 17.65 11.5244618 1.5391910 0.2870000 399.61 200.00 GMRT band3
59196.425752 71.016935 0.000018 17.52 11.5954135 1.5088599 0.2940000 399.61 200.00 GMRT band3
59208.500868 71.017018 0.000018 16.05 12.5203160 1.6746872 0.3440000 399.61 200.00 GMRT band3
59217.330787 71.017056 0.000020 12.18 13.2198178 1.7059247 0.3920000 399.61 200.00 GMRT band3
59230.279687 71.017004 0.000026 8.35 12.4644490 1.8675551 0.4970000 399.62 200.00 GMRT band3
59238.386516 71.016983 0.000028 6.08 10.9169427 1.6829632 0.5790000 399.62 200.00 GMRT band3
59252.183970 71.016892 0.000030 6.92 10.5399741 1.8125327 0.4880000 399.62 200.00 GMRT band3
59272.165162 71.016771 0.000032 6.20 9.5107988 1.9552988 0.5340000 399.62 200.00 GMRT band3
59281.036632 71.016840 0.000027 4.45 9.6378570 1.6774717 0.6290000 399.62 200.00 GMRT band3
59288.091840 71.016788 0.000031 4.13 10.8075919 2.1876461 0.7320000 399.62 200.00 GMRT band3
59300.996296 71.016569 0.000036 5.58 7.6818679 2.2206903 0.6180000 399.62 200.00 GMRT band3
59309.008970 71.016512 0.000039 6.70 7.8922225 2.3367154 0.6110000 399.62 200.00 GMRT band3
59349.073090 71.016161 0.000032 15.66 5.9029617 2.0132405 0.4070000 399.23 200.00 GMRT band3
59360.068403 71.016152 0.000022 2.43 5.4063296 2.3079975 1.0780000 399.23 200.00 GMRT band3
59370.902488 71.015916 0.000024 14.93 3.3052736 1.5556508 0.3720000 399.23 200.00 GMRT band3
59380.939873 71.015736 0.000025 18.76 2.8247893 2.1162435 0.3905000 399.23 200.00 GMRT band3
59391.792303 71.015586 0.000025 19.96 1.6959159 1.7271225 0.3320000 399.23 200.00 GMRT band3
59403.873090 71.015760 0.000026 27.63 2.1231498 1.4525901 0.2860000 399.23 200.00 GMRT band3
59417.879803 71.015781 0.000026 19.93 2.4630610 1.6901806 0.3165000 399.23 200.00 GMRT band3
59425.753993 71.015703 0.000026 29.77 2.0877675 1.7745296 0.2480000 399.22 200.00 GMRT band3
59441.647280 71.015675 0.000022 35.94 1.9708854 1.6723487 0.2420000 399.22 200.00 GMRT band3
59449.625289 71.015691 0.000027 53.10 1.9079207 1.7617527 0.2000000 399.22 200.00 GMRT band3
59460.620081 71.015769 0.000030 23.09 2.3360155 1.7515416 0.4325000 399.22 200.00 GMRT band3
59469.576620 71.015680 0.000028 45.10 1.5885123 1.5408664 0.1940000 399.22 200.00 GMRT band3
59481.664410 71.015676 0.000028 29.17 1.9020028 1.7011792 0.3170000 399.22 200.00 GMRT band3
59489.637731 71.015707 0.000025 45.76 2.0909061 1.8327469 0.2560000 399.22 200.00 GMRT band3
59496.632118 71.015792 0.000028 51.35 2.2553899 1.7409898 0.2170000 399.22 200.00 GMRT band3
59520.476331 71.015746 0.000024 55.09 2.7339941 1.9172091 0.2370000 399.22 200.00 GMRT band3
59531.430151 71.015887 0.000023 58.67 3.8673902 2.1021442 0.2510000 399.22 200.00 GMRT band3
59540.604803 71.016003 0.000023 66.46 3.8478519 1.8652387 0.2020000 399.22 200.00 GMRT band3
59551.478414 71.016224 0.000025 61.96 5.5896625 1.8981248 0.2285000 399.22 200.00 GMRT band3
59560.456308 71.016287 0.000027 37.83 5.8006943 1.6372804 0.2680000 399.22 200.00 GMRT band3
59569.353530 71.016267 0.000025 39.14 6.5366302 1.7983366 0.3000000 399.22 200.00 GMRT band3
59580.133391 71.016281 0.000029 30.47 6.7316178 2.3593050 0.4195000 399.22 200.00 GMRT band3
59590.382986 71.016254 0.000029 26.58 6.2225418 2.2539579 0.3590000 399.22 200.00 GMRT band3
59600.277488 71.016386 0.000034 17.24 7.8989596 2.3628083 0.5685000 399.22 200.00 GMRT band3
59610.225636 71.016422 0.000034 25.25 7.8646015 2.1534229 0.3010000 399.22 200.00 GMRT band3
59621.171412 71.016349 0.000039 24.68 6.5427153 2.2521086 0.2970000 399.22 200.00 GMRT band3
59630.021933 71.016328 0.000034 40.96 5.5791930 1.6871845 0.2250000 399.22 200.00 GMRT band3
59644.305903 71.016181 0.000032 10.20 6.0950712 2.3676393 0.6890000 399.22 200.00 GMRT band3
59650.078588 71.016162 0.000027 45.63 5.3226291 1.6751640 0.2960000 399.22 200.00 GMRT band3
59660.074248 71.016118 0.000023 36.27 5.0524167 1.8042379 0.2600000 399.22 200.00 GMRT band3
59672.093229 71.016143 0.000024 58.45 5.2953460 1.5334963 0.2180000 399.22 200.00 GMRT band3
59696.082002 71.016131 0.000031 41.66 5.4162849 2.1035395 0.2260000 399.22 200.00 GMRT band3
59706.082813 71.016087 0.000032 34.73 5.2514376 2.0692115 0.2720000 399.22 200.00 GMRT band3
59719.110012 71.016032 0.000038 41.08 5.0297135 2.1646917 0.3480000 399.22 200.00 GMRT band3
59726.074363 71.015853 0.000037 49.61 3.9181497 2.3488363 0.2480000 399.22 200.00 GMRT band3
59735.015799 71.015779 0.000033 36.72 2.8964377 2.0008896 0.2675000 399.22 200.00 GMRT band3
59746.835764 71.015724 0.000029 66.40 3.0344322 2.4352887 0.2460000 399.22 200.00 GMRT band3
59756.926331 71.015678 0.000034 47.68 2.8545878 2.5736468 0.2760000 399.22 200.00 GMRT band3
59767.917188 71.015716 0.000041 50.99 3.1003253 2.4659640 0.2390000 399.22 200.00 GMRT band3
59777.880729 71.015734 0.000031 7.55 2.8161386 2.3975496 0.7880000 399.22 200.00 GMRT band3
59788.856886 71.015587 0.000033 36.55 2.4446331 2.5003578 0.3350000 399.22 200.00 GMRT band3
59796.787037 71.015547 0.000029 32.01 2.2597942 2.4440784 0.3350000 399.22 200.00 GMRT band3
59805.799827 71.015515 0.000030 28.40 2.1793179 2.4533187 0.3670000 399.22 200.00 GMRT band3
59816.764294 71.015544 0.000027 32.24 2.1804559 2.3330296 0.3305000 399.22 200.00 GMRT band3
59826.712963 71.015616 0.000026 32.16 1.9316596 1.8863195 0.2870000 399.22 200.00 GMRT band3
59837.804802 71.015592 0.000031 21.36 2.2298954 2.2545868 0.3875000 399.22 200.00 GMRT band3
59846.551331 71.015541 0.000028 13.77 2.2646779 2.1954678 0.5330000 399.22 200.00 GMRT band3
59887.591551 71.015726 0.000034 49.45 3.0483410 2.4368233 0.2750000 399.22 200.00 GMRT band3
59897.390567 71.015670 0.000035 57.17 3.0202647 2.6410843 0.2610000 399.22 200.00 GMRT band3
59905.532812 71.015672 0.000038 22.59 2.9173616 2.5805046 0.4170000 399.22 200.00 GMRT band3
59925.245081 71.015718 0.000021 24.56 2.3932676 1.9162164 0.3400000 399.22 200.00 GMRT band3
59936.333507 71.015690 0.000022 34.86 2.0782761 1.7804630 0.2820000 399.22 200.00 GMRT band3
59944.201273 71.015682 0.000020 55.51 1.9764136 1.6004460 0.1970000 399.22 200.00 GMRT band3
59954.197801 71.015680 0.000024 67.12 2.2886241 1.9989955 0.1940000 399.22 200.00 GMRT band3
59964.409433 71.015612 0.000022 7.48 1.8801465 1.8627319 0.6930000 399.22 200.00 GMRT band3
59974.285474 71.015549 0.000024 75.43 2.0496476 2.0734508 0.2270000 399.22 200.00 GMRT band3
59986.252720 71.015512 0.000027 48.79 1.7472572 1.9425839 0.2490000 399.22 200.00 GMRT band3
59994.126678 71.015551 0.000032 109.44 2.2449433 2.2741975 0.2115000 399.22 200.00 GMRT band3
60006.175463 71.015481 0.000029 43.45 1.9907425 2.0884463 0.2880000 399.22 200.00 GMRT band3
60014.220776 71.015534 0.000026 38.56 1.6358882 1.6732471 0.2730000 399.22 200.00 GMRT band3
60024.039178 71.015545 0.000025 58.76 2.0125140 2.0107353 0.2435000 399.22 200.00 GMRT band3
60034.087441 71.015484 0.000024 53.56 2.3535401 2.1824876 0.2570000 399.22 200.00 GMRT band3
60062.134375 71.015400 0.000020 29.82 2.7348803 1.9673455 0.3250000 399.22 200.00 GMRT band3
60070.959432 71.015486 0.000023 112.70 2.3796617 2.0349781 0.1705000 399.22 200.00 GMRT band3
60083.036516 71.015596 0.000003 5.61 0.1919059 0.1863517 0.0760000 399.22 200.00 GMRT band3
60089.906193 71.015561 0.000025 121.51 2.0080334 2.0648905 0.1690000 399.22 200.00 GMRT band3
60099.032812 71.015565 0.000024 31.45 2.0121255 1.9886371 0.3530000 399.22 200.00 GMRT band3
60107.818692 71.015520 0.000025 89.61 2.0705921 2.1686537 0.2115000 399.22 200.00 GMRT band3
60117.944733 71.015473 0.000021 46.74 1.7321447 1.7752112 0.2320000 399.22 200.00 GMRT band3
60128.631655 71.015532 0.000024 92.76 1.9345815 1.7903966 0.1775000 399.22 200.00 GMRT band3
60138.701331 71.015547 0.000027 81.61 1.7284593 1.7596728 0.1725000 399.22 200.00 GMRT band3
60149.747280 71.015565 0.000024 58.63 1.6970391 1.7672936 0.1940000 399.22 200.00 GMRT band3
60156.753183 71.015602 0.000026 67.89 1.7239254 1.7195487 0.1880000 399.22 200.00 GMRT band3
60164.555845 71.015743 0.000030 78.33 2.3117011 1.9140164 0.1845000 399.22 200.00 GMRT band3
60174.737673 71.015639 0.000029 49.97 2.2539844 2.0778158 0.2185000 399.22 200.00 GMRT band3
60184.598785 71.015454 0.000035 83.75 2.0859273 2.4521471 0.2200000 399.22 200.00 GMRT band3
60195.756308 71.015400 0.000034 41.42 1.7715142 1.8929123 0.2450000 399.22 200.00 GMRT band3
60203.550984 71.015361 0.000032 67.23 2.1186837 2.3862759 0.2460000 399.22 200.00 GMRT band3
60248.667767 71.015260 0.000031 104.96 3.0734850 2.3458658 0.2075000 399.22 200.00 GMRT band3
60259.518460 71.015444 0.000035 73.16 2.3425315 2.1390229 0.2450000 399.22 200.00 GMRT band3
60267.610995 71.015483 0.000042 9.27 2.4799881 2.4058513 0.7795000 399.22 200.00 GMRT band3
60286.413772 71.015562 0.000033 48.11 2.3058704 2.2800443 0.3135000 399.22 200.00 GMRT band3
60288.538946 71.015618 0.000047 22.57 1.9657520 1.9424985 0.3555000 399.22 200.00 GMRT band3
60301.358738 71.015535 0.000041 42.13 1.9532906 2.0810892 0.2990000 399.22 200.00 GMRT band3
60314.485648 71.015124 0.000040 21.11 3.2364355 2.2555523 0.3565000 399.22 200.00 GMRT band3
60318.324247 71.015101 0.000049 66.41 3.1970454 2.2954704 0.2050000 399.22 200.00 GMRT band3
60328.454745 71.015710 0.000034 1.08 2.8640405 2.6658492 2.2240000 399.95 200.00 GMRT band3
60338.390798 71.014873 0.000031 28.68 6.7703642 2.0703995 0.2960000 399.22 200.00 GMRT band3
60349.359028 71.014767 0.000044 25.41 7.1079719 2.5210968 0.3820000 399.22 200.00 GMRT band3
60359.202662 71.014615 0.000033 53.77 8.2167364 1.8613699 0.2540000 399.22 200.00 GMRT band3
60371.322048 71.014588 0.000032 59.10 8.2895795 1.7110359 0.2000000 399.22 200.00 GMRT band3
60378.139294 71.014370 0.000038 83.32 10.0029222 2.4192479 0.1995000 399.22 200.00 GMRT band3
60388.278356 71.014411 0.000041 60.53 11.0667645 2.0657093 0.3300000 399.22 200.00 GMRT band3
60398.134317 71.014249 0.000034 69.72 10.3819750 1.7254493 0.1970000 399.22 200.00 GMRT band3
