58241.993981 71.017520 0.000133 1.30 8.9343219 3.9433789 3.8690000 929.95 200.00 GMRT band3+5
58260.062847 71.017244 0.000078 0.65 8.0540274 2.9899850 3.6330000 929.95 200.00 GMRT band3+5
58276.914236 71.017218 0.000094 0.84 7.4658929 2.4839643 3.1840000 929.95 200.00 GMRT band3+5
58307.818692 71.016540 0.000134 1.57 10.1613081 8.9443763 6.8700000 929.95 200.00 GMRT band3+5
58322.736111 71.016785 0.000093 1.08 6.1680888 2.9956715 2.9120000 929.95 200.00 GMRT band3+5
58340.711980 71.016478 0.000091 1.33 4.5380804 2.6769329 2.5310000 929.95 200.00 GMRT band3+5
58355.657523 71.016512 0.000096 1.16 4.4519115 2.9413887 2.2795000 929.95 200.00 GMRT band3+5
58371.666320 71.016140 0.000111 1.56 4.3143816 3.5898018 3.0370000 929.95 200.00 GMRT band3+5
58440.505382 71.016698 0.000122 1.28 6.2073244 3.5989888 3.2680000 929.95 200.00 GMRT band3+5
58453.416204 71.016093 0.000118 1.60 4.9750950 4.5675674 4.6865000 929.95 200.00 GMRT band3+5
58467.394734 71.016442 0.000143 1.67 6.9100275 5.5290541 3.9050000 929.95 200.00 GMRT band3+5
58481.365394 71.016613 0.000112 1.45 5.6661678 3.5924834 3.3320000 929.95 200.00 GMRT band3+5
58524.268344 71.016559 0.000102 1.04 5.1512263 3.3220397 2.9810000 929.95 200.00 GMRT band3+5
58567.052835 71.016670 0.000106 1.37 6.7670238 3.8718176 2.8910000 929.95 200.00 GMRT band3+5
58781.494849 71.016779 0.000039 9.67 14.8587358 1.6977379 0.6485000 879.95 400.00 GMRT band3+5
58792.490162 71.016904 0.000028 13.95 16.8363662 1.6792588 0.5665000 879.95 400.00 GMRT band3+5
58804.438542 71.016899 0.000022 13.12 15.6143042 1.5389387 0.5180000 879.95 400.00 GMRT band3+5
58813.328414 71.016838 0.000023 8.98 14.2165507 1.8080863 0.6125000 879.95 400.00 GMRT band3+5
58833.201215 71.016876 0.000026 14.81 16.2799818 1.6300717 0.5125000 879.95 400.00 GMRT band3+5
58844.245197 71.016912 0.000024 15.22 17.0652235 1.7114885 0.4630000 879.95 400.00 GMRT band3+5
58854.191782 71.017017 0.000024 12.36 18.1442869 1.9454180 0.4180000 879.95 400.00 GMRT band3+5
58865.245312 71.016911 0.000028 20.47 18.9261968 1.6218672 0.3605000 879.95 400.00 GMRT band3+5
58874.091609 71.016862 0.000027 26.74 706.1437171 706.1326037 0.3130000 879.95 400.00 GMRT band3+5
58893.127257 71.016744 0.000024 14.50 16.2104586 1.9060094 0.4270000 879.95 400.00 GMRT band3+5
58903.123495 71.016637 0.000027 17.66 15.1387314 1.7943998 0.4275000 879.95 400.00 GMRT band3+5
58914.138426 71.016609 0.000027 17.94 14.0302363 1.8103731 0.4400000 879.95 400.00 GMRT band3+5
58922.187326 71.016598 0.000026 19.05 13.5452308 1.7206701 0.4790000 879.95 400.00 GMRT band3+5
58992.965046 71.016391 0.000023 20.48 10.1207877 1.6265840 0.4565000 879.95 400.00 GMRT band3+5
59001.049248 71.016408 0.000023 2.11 8.1781463 2.2490657 1.3850000 879.95 400.00 GMRT band3+5
59008.866262 71.016465 0.000023 10.06 8.8633125 2.5106928 0.5575000 879.95 400.00 GMRT band3+5
59015.980961 71.016437 0.000024 16.62 8.2260439 2.5443991 0.5555000 879.95 400.00 GMRT band3+5
59022.730150 71.016372 0.000027 14.58 9.0164954 2.6127173 0.5690000 879.95 400.00 GMRT band3+5
59032.867130 71.016465 0.000023 22.83 8.6103568 2.7210121 0.4890000 879.95 400.00 GMRT band3+5
59037.939525 71.016525 0.000020 17.70 9.3112272 3.3116737 0.4830000 879.95 400.00 GMRT band3+5
59044.938021 71.016543 0.000024 21.58 9.7572067 3.3917690 0.4890000 879.95 400.00 GMRT band3+5
59062.667072 71.016426 0.000032 15.57 9.4938217 2.5917623 0.6305000 879.95 400.00 GMRT band3+5
59075.617766 71.016433 0.000029 13.49 9.5581942 2.5203982 0.5820000 879.95 400.00 GMRT band3+5
59082.626042 71.016453 0.000031 16.47 10.4672737 2.5363704 0.5680000 879.95 400.00 GMRT band3+5
59093.789178 71.016593 0.000028 18.70 11.0219002 2.8327540 0.5090000 879.95 400.00 GMRT band3+5
59100.528993 71.016550 0.000030 18.71 11.2916005 2.6087149 0.5530000 879.95 400.00 GMRT band3+5
59106.742882 71.016568 0.000029 26.01 12.5875011 2.3470123 0.4455000 879.95 400.00 GMRT band3+5
59113.542419 71.016728 0.000038 5.48 11.5287880 2.6799830 0.8370000 879.95 400.00 GMRT band3+5
59133.485012 71.016886 0.000023 11.41 15.4386789 2.6608795 0.3890000 879.95 400.00 GMRT band3+5
59187.460011 71.016887 0.000017 17.18 18.2023080 1.4556569 0.2880000 879.85 400.00 GMRT band3+5
59196.425752 71.016935 0.000017 16.88 19.2526935 1.3514007 0.2970000 879.85 400.00 GMRT band3+5
59208.500868 71.017019 0.000017 15.49 19.9413490 1.5399074 0.3500000 879.85 400.00 GMRT band3+5
59217.330787 71.017057 0.000020 11.76 20.2786569 1.6786649 0.4070000 879.85 400.00 GMRT band3+5
59230.279687 71.017005 0.000026 8.13 19.2256098 2.2572220 0.5000000 879.86 400.00 GMRT band3+5
59238.386516 71.016987 0.000027 5.91 17.8460718 2.2672230 0.5890000 879.86 400.00 GMRT band3+5
59252.183970 71.016894 0.000030 6.74 15.8408459 2.0296574 0.4965000 879.86 400.00 GMRT band3+5
59272.165162 71.016775 0.000031 6.02 15.2818603 2.4522091 0.5400000 879.86 400.00 GMRT band3+5
59281.036632 71.016843 0.000027 4.32 14.8021841 1.8252247 0.6380000 879.86 400.00 GMRT band3+5
59288.091840 71.016792 0.000030 3.99 14.9976148 2.3003336 0.7500000 879.86 400.00 GMRT band3+5
59300.996296 71.016577 0.000035 5.44 12.9030217 2.8807360 0.6300000 879.86 400.00 GMRT band3+5
59309.008970 71.016516 0.000038 6.47 12.0430412 2.5243500 0.6250000 879.86 400.00 GMRT band3+5
59349.073090 71.016161 0.000032 15.21 8.4652550 2.0672126 0.4240000 879.67 400.00 GMRT band3+5
59360.068403 71.016154 0.000022 2.35 7.6183481 2.3288179 1.1220000 879.67 400.00 GMRT band3+5
59370.902488 71.015917 0.000023 14.59 6.4484506 2.6174725 0.3830000 879.67 400.00 GMRT band3+5
59380.939873 71.015737 0.000025 18.38 5.2451668 3.6118502 0.3970000 879.67 400.00 GMRT band3+5
59391.792303 71.015588 0.000024 19.51 4.4528839 4.5997378 0.3390000 879.67 400.00 GMRT band3+5
59403.873090 71.015761 0.000026 26.72 4.7286208 2.6755782 0.2880000 879.67 400.00 GMRT band3+5
59417.879803 71.015783 0.000026 19.32 5.3298568 3.1056739 0.3395000 879.67 400.00 GMRT band3+5
59425.753993 71.015704 0.000026 28.81 5.0141240 3.6502334 0.2565000 879.66 400.00 GMRT band3+5
59441.647280 71.015675 0.000022 34.79 4.0983226 3.2474942 0.2650000 879.66 400.00 GMRT band3+5
59449.625289 71.015691 0.000027 51.24 4.3701514 3.1750851 0.2175000 879.66 400.00 GMRT band3+5
59460.620081 71.015770 0.000029 22.34 4.2288976 2.3160044 0.4755000 879.66 400.00 GMRT band3+5
59469.576620 71.015681 0.000028 43.38 3.5992280 2.6151227 0.1990000 879.66 400.00 GMRT band3+5
59481.664410 71.015677 0.000027 28.21 3.7989346 2.8555853 0.3250000 879.66 400.00 GMRT band3+5
59489.637731 71.015707 0.000024 44.15 3.4621530 2.1903048 0.2720000 879.66 400.00 GMRT band3+5
59496.632118 71.015792 0.000027 49.44 3.7324627 1.6788540 0.2440000 879.66 400.00 GMRT band3+5
59520.476331 71.015746 0.000023 53.11 3.1568255 1.8915638 0.2500000 879.66 400.00 GMRT band3+5
59531.430151 71.015887 0.000023 56.65 4.1890450 2.1776879 0.2530000 879.66 400.00 GMRT band3+5
59540.604803 71.016003 0.000022 64.03 4.5459320 2.6185022 0.2030000 879.66 400.00 GMRT band3+5
59551.478414 71.016224 0.000025 59.88 6.9634355 3.5394850 0.2340000 879.66 400.00 GMRT band3+5
59560.456308 71.016293 0.000029 42.24 27.6306347 18.5405231 0.2730000 879.56 400.00 GMRT band3+5
59569.353530 71.016267 0.000024 37.88 8.2502845 2.9454761 0.3020000 879.66 400.00 GMRT band3+5
59580.133391 71.016280 0.000028 29.78 7.4725436 3.8011410 0.4290000 879.66 400.00 GMRT band3+5
59590.382986 71.016252 0.000028 25.77 7.0503640 3.3768968 0.3670000 879.66 400.00 GMRT band3+5
59600.277488 71.016382 0.000033 16.86 8.8118641 3.5674410 0.6085000 879.66 400.00 GMRT band3+5
59610.225636 71.016421 0.000033 24.66 9.4753455 3.2514394 0.3070000 879.66 400.00 GMRT band3+5
59621.171412 71.016347 0.000038 23.76 8.7398008 2.8646338 0.3070000 879.66 400.00 GMRT band3+5
59630.021933 71.016327 0.000033 39.43 7.9724558 3.0688656 0.2310000 879.66 400.00 GMRT band3+5
59644.305903 71.016180 0.000031 9.86 7.1798924 2.4279377 0.7510000 879.66 400.00 GMRT band3+5
59650.078588 71.016162 0.000026 44.03 7.6687796 1.7657841 0.3000000 879.66 400.00 GMRT band3+5
59660.074248 71.016118 0.000023 35.26 6.6792895 2.0777987 0.2635000 879.66 400.00 GMRT band3+5
59672.093229 71.016142 0.000024 56.32 7.0166609 2.3848992 0.2240000 879.66 400.00 GMRT band3+5
59696.082002 71.016130 0.000030 40.17 7.1610657 2.2927232 0.2320000 879.66 400.00 GMRT band3+5
59706.082813 71.016086 0.000031 33.59 6.3921642 2.3867327 0.2895000 879.66 400.00 GMRT band3+5
59719.110012 71.016031 0.000037 39.67 5.9122801 2.4660783 0.3730000 879.66 400.00 GMRT band3+5
59726.074363 71.015852 0.000037 47.64 4.5121152 2.0687682 0.2505000 879.66 400.00 GMRT band3+5
59735.015799 71.015778 0.000032 35.22 2.9601874 1.9655158 0.2720000 879.66 400.00 GMRT band3+5
59756.926331 71.015677 0.000033 45.98 2.5028808 2.3650253 0.2860000 879.66 400.00 GMRT band3+5
59767.917188 71.015716 0.000040 48.93 2.7170770 2.3922334 0.2410000 879.66 400.00 GMRT band3+5
59777.880729 71.015731 0.000030 7.35 2.6724289 2.7668816 0.7960000 879.66 400.00 GMRT band3+5
59788.856886 71.015587 0.000032 35.27 2.2253228 2.2405910 0.3410000 879.66 400.00 GMRT band3+5
59796.787037 71.015547 0.000028 30.91 2.1348256 2.1899068 0.3430000 879.66 400.00 GMRT band3+5
59805.799827 71.015515 0.000029 27.46 2.0461805 2.2565142 0.3880000 879.66 400.00 GMRT band3+5
59816.764294 71.015544 0.000027 31.13 2.2516046 2.2772727 0.3355000 879.66 400.00 GMRT band3+5
59826.712963 71.015616 0.000026 31.07 2.2784955 2.2914512 0.3030000 879.66 400.00 GMRT band3+5
59837.804802 71.015592 0.000030 20.62 2.4178974 2.4470298 0.3920000 879.66 400.00 GMRT band3+5
59846.551331 71.015540 0.000027 13.32 2.5484102 2.1979624 0.5400000 879.66 400.00 GMRT band3+5
59887.591551 71.015725 0.000033 47.78 2.7441899 2.9139112 0.2820000 879.66 400.00 GMRT band3+5
59905.532812 71.015671 0.000037 22.06 2.8222596 2.7754858 0.4770000 879.66 400.00 GMRT band3+5
59925.245081 71.015717 0.000021 23.76 2.1980008 1.9675318 0.3410000 879.66 400.00 GMRT band3+5
59944.201273 71.015682 0.000020 54.10 1.7919400 1.6523214 0.1980000 879.66 400.00 GMRT band3+5
59964.409433 71.015611 0.000021 7.26 1.8938106 1.9109557 0.7050000 879.66 400.00 GMRT band3+5
59986.252720 71.015512 0.000026 47.09 1.9037872 1.7446540 0.2520000 879.66 400.00 GMRT band3+5
60006.175463 71.015481 0.000028 42.33 2.0774178 1.8888677 0.2915000 879.66 400.00 GMRT band3+5
60014.220776 71.015534 0.000025 37.23 1.6456928 1.6428022 0.2790000 879.66 400.00 GMRT band3+5
60024.039178 71.015545 0.000024 56.83 1.9502257 1.8228861 0.2540000 879.66 400.00 GMRT band3+5
60062.134375 71.015400 0.000020 28.83 2.9345369 2.6183845 0.3310000 879.66 400.00 GMRT band3+5
60083.036516 71.015596 0.000003 5.42 1.4188582 1.3602976 0.0790000 879.66 400.00 GMRT band3+5
60099.032812 71.015565 0.000024 30.32 2.3596832 2.1055222 0.3645000 879.66 400.00 GMRT band3+5
60117.944733 71.015473 0.000021 45.13 1.9090325 1.7892047 0.2450000 879.66 400.00 GMRT band3+5
60138.701331 71.015547 0.000026 78.76 1.9535251 1.6531282 0.1770000 879.66 400.00 GMRT band3+5
60156.753183 71.015601 0.000025 65.60 3.6762989 3.6917984 0.1925000 879.66 400.00 GMRT band3+5
60174.737673 71.015639 0.000029 48.63 2.4829722 2.6945108 0.2210000 879.66 400.00 GMRT band3+5
60195.756308 71.015400 0.000034 40.25 3.2520969 2.0492931 0.2450000 879.66 400.00 GMRT band3+5
60259.518460 71.015444 0.000034 71.33 4.2215053 2.6551806 0.2470000 879.66 400.00 GMRT band3+5
60286.413772 71.015561 0.000032 46.50 2.7780334 2.7988229 0.3575000 879.66 400.00 GMRT band3+5
60301.358738 71.015533 0.000041 40.80 3.3907988 2.8298135 0.3140000 879.66 400.00 GMRT band3+5
60318.324247 71.015101 0.000048 64.34 6.2935305 2.5008549 0.2130000 879.66 400.00 GMRT band3+5
60338.390798 71.014874 0.000030 27.71 9.7005259 2.2746526 0.2990000 879.66 400.00 GMRT band3+5
60359.202662 71.014615 0.000032 51.86 12.9657343 2.2440720 0.2610000 879.66 400.00 GMRT band3+5
60378.139294 71.014370 0.000038 80.92 16.0558397 2.8499715 0.2010000 879.66 400.00 GMRT band3+5
60398.134317 71.014250 0.000033 67.24 17.0327071 2.8603457 0.1980000 879.66 400.00 GMRT band3+5
