59696.145543 24.354730 0.000533 1.28 64.4585887 48.6983210 11.8730000 879.66 400.00 GMRT band3+5
59706.101157 24.353892 0.000275 1.18 14.9371038 12.5313141 10.0815000 879.66 400.00 GMRT band3+5
59719.130323 24.354508 0.000341 1.05 65.6763083 60.9672566 10.1940000 879.66 400.00 GMRT band3+5
59726.094039 24.354286 0.000283 0.96 14.1035211 11.0695815 8.9510000 879.66 400.00 GMRT band3+5
59735.036863 24.354691 0.000150 0.37 19.7282419 9.7891928 12.8810000 879.66 400.00 GMRT band3+5
59756.899479 24.354739 0.000388 0.98 29.0261126 20.8154825 8.5180000 879.66 400.00 GMRT band3+5
59767.935359 24.354480 0.000168 0.72 14.4173562 6.1668374 6.9785000 879.66 400.00 GMRT band3+5
59777.862558 24.353776 0.000389 1.02 19.2884748 18.6846397 12.9500000 879.66 400.00 GMRT band3+5
59788.875347 24.354282 0.000625 1.50 33.1633014 24.9543121 20.7025000 879.66 400.00 GMRT band3+5
59796.730266 24.353837 0.000285 1.11 11.0563937 10.1821190 11.1555000 879.66 400.00 GMRT band3+5
59805.818808 24.353715 0.000103 0.12 4.1590582 4.5860977 9.6720000 879.66 400.00 GMRT band3+5
59816.812037 24.353988 0.000358 1.49 84.6999998 80.4423073 9.6535000 879.66 400.00 GMRT band3+5
59826.731018 24.353708 0.000161 0.63 9.2644277 9.4724182 8.5250000 879.66 400.00 GMRT band3+5
59837.784085 24.352917 0.000454 0.76 25.2006276 28.2317392 19.9180000 879.66 400.00 GMRT band3+5
59846.703761 24.353759 0.000391 1.43 17.3516322 15.1658387 12.7580000 879.66 400.00 GMRT band3+5
59887.526099 24.353106 0.000261 1.75 13.9607562 10.6032625 7.1100000 879.66 400.00 GMRT band3+5
59905.506423 24.353430 0.000132 0.88 8.6350371 8.8551391 7.4225000 879.66 400.00 GMRT band3+5
59925.346701 24.353587 0.000186 1.03 14.6100107 13.9483970 8.0185000 879.66 400.00 GMRT band3+5
59944.275694 24.353346 0.000204 0.79 9.9303154 10.7807251 9.4840000 879.66 400.00 GMRT band3+5
59964.382002 24.353246 0.000214 0.85 21.7600919 21.4753473 13.9905000 879.66 400.00 GMRT band3+5
59986.224653 24.352929 0.000250 0.66 27.6078551 27.0198950 7.3175000 879.66 400.00 GMRT band3+5
60006.147164 24.354034 0.000421 0.91 45.2082758 42.9691447 15.0100000 879.66 400.00 GMRT band3+5
60024.064525 24.353389 0.000263 0.63 11.7322465 11.6298476 10.3020000 879.66 400.00 GMRT band3+5
60062.106481 24.353892 0.000130 0.45 8.7183417 13.5579897 5.8870000 879.66 400.00 GMRT band3+5
60083.007696 24.353623 0.000183 1.48 8.1416986 8.6680223 5.3400000 879.66 400.00 GMRT band3+5
60099.004919 24.353509 0.000039 0.12 1.8892355 1.9260406 4.2935000 879.66 400.00 GMRT band3+5
60117.921933 24.353619 0.000190 1.34 9.4667439 9.5912675 8.0280000 879.66 400.00 GMRT band3+5
60138.835937 24.353882 0.000294 2.20 18.8647820 15.5990299 6.0990000 879.66 400.00 GMRT band3+5
60156.783275 24.353582 0.000187 1.91 17.3793642 17.0333718 4.8330000 879.66 400.00 GMRT band3+5
60213.806308 24.354173 0.000374 1.08 42.7859732 38.4350757 14.1790000 879.66 400.00 GMRT band3+5
60259.458275 24.354354 0.000138 1.05 12.9663559 7.1011725 6.6540000 879.66 400.00 GMRT band3+5
60286.332407 24.354764 0.000266 1.09 17.1227657 18.6603150 7.3500000 879.66 400.00 GMRT band3+5
60301.335127 24.355121 0.000276 0.83 28.1555381 11.2791306 12.0230000 879.66 400.00 GMRT band3+5
60318.299247 24.354984 0.000535 2.22 27.3581540 21.6777794 11.5920000 879.66 400.00 GMRT band3+5
60338.280324 24.355002 0.000288 0.74 26.5074276 24.1523785 6.7910000 879.66 400.00 GMRT band3+5
60359.179803 24.353763 0.000662 1.64 37.8382704 36.1671841 15.7445000 879.66 400.00 GMRT band3+5
60378.084664 24.354245 0.000195 1.35 10.8504872 4.9714648 5.2425000 879.66 400.00 GMRT band3+5
60398.055092 24.354198 0.000309 1.40 13.6609984 9.9344931 11.0660000 879.66 400.00 GMRT band3+5
