59696.145543 24.354423 0.000493 1.01 10.4181550 10.1461761 10.7990000 399.22 200.00 GMRT band3
59706.101157 24.353905 0.000393 1.38 13.3398573 12.6341768 9.6120000 399.22 200.00 GMRT band3
59719.130323 24.354446 0.000369 0.95 8.8697319 7.3445076 8.0440000 399.22 200.00 GMRT band3
59726.094039 24.354565 0.000406 1.05 10.7418029 9.0574927 7.3900000 399.22 200.00 GMRT band3
59735.036863 24.354532 0.000329 0.35 13.2742379 9.1928707 15.2410000 399.22 200.00 GMRT band3
59746.857002 24.354399 0.000222 1.83 10.9092369 6.6321127 4.4355000 399.22 200.00 GMRT band3
59756.899479 24.354648 0.000412 0.97 11.2508055 4.8474790 8.2995000 399.22 200.00 GMRT band3
59767.935359 24.354603 0.000279 0.85 9.6752770 6.5375626 5.6800000 399.22 200.00 GMRT band3
59777.862558 24.353597 0.000443 1.08 18.0292191 18.9523182 12.7620000 399.22 200.00 GMRT band3
59788.875347 24.352603 0.000700 0.92 15.2091527 15.5801431 14.8025000 399.22 200.00 GMRT band3
59796.730266 24.353832 0.000393 1.41 10.8537513 10.7135456 9.0600000 399.22 200.00 GMRT band3
59805.818808 24.353480 0.000126 0.06 3.4644468 4.0244976 9.6720000 399.22 200.00 GMRT band3
59816.812037 24.354056 0.000364 1.19 12.6288917 11.0283547 8.5230000 399.22 200.00 GMRT band3
59826.731018 24.353738 0.000190 0.70 5.5379176 5.8076316 6.0060000 399.22 200.00 GMRT band3
59837.784085 24.353014 0.000567 0.78 19.1638814 18.6374511 18.3715000 399.22 200.00 GMRT band3
59846.703761 24.353386 0.000443 1.41 13.5652096 13.0762426 9.9830000 399.22 200.00 GMRT band3
59887.526099 24.353204 0.000309 2.03 12.1780746 10.9374626 6.5530000 399.22 200.00 GMRT band3
59897.367766 24.353525 0.000176 1.72 7.1738693 7.2275276 3.6290000 399.22 200.00 GMRT band3
59905.506423 24.353792 0.000227 0.84 9.4139130 9.7852919 7.0310000 399.22 200.00 GMRT band3
59925.346701 24.353612 0.000226 1.02 7.4702618 7.2393748 6.5710000 399.22 200.00 GMRT band3
59936.311284 24.353262 0.000095 0.24 3.7888121 2.8098973 5.1110000 399.22 200.00 GMRT band3
59944.275694 24.353842 0.000214 0.45 10.0276263 10.8768772 8.2635000 399.22 200.00 GMRT band3
59954.219386 24.354106 0.000269 0.78 8.2820180 7.0581998 7.5170000 399.22 200.00 GMRT band3
59964.382002 24.353439 0.000510 0.94 23.0796013 23.2586854 15.5900000 399.22 200.00 GMRT band3
59974.260359 24.353260 0.000190 1.12 5.9007353 5.5667296 4.7885000 399.22 200.00 GMRT band3
59986.224653 24.352924 0.000274 0.76 9.3531729 8.8434310 4.9710000 399.22 200.00 GMRT band3
59994.105150 24.353555 0.000132 0.88 2.9634192 2.8836916 3.0380000 399.22 200.00 GMRT band3
60006.147164 24.354019 0.000494 0.98 10.4861646 9.7636521 13.5865000 399.22 200.00 GMRT band3
60014.102719 24.354096 0.000289 0.83 11.9906448 9.5842207 10.8870000 399.22 200.00 GMRT band3
60024.064525 24.353386 0.000290 0.72 10.9412225 10.6016491 8.9430000 399.22 200.00 GMRT band3
60034.071238 24.353086 0.000335 2.69 10.4215217 10.2918246 5.9840000 399.22 200.00 GMRT band3
60062.106481 24.353972 0.000130 0.41 5.6045937 3.5377975 5.5810000 399.22 200.00 GMRT band3
60070.938136 24.353572 0.000088 0.39 2.9722630 2.9434864 3.9155000 399.22 200.00 GMRT band3
60083.007696 24.353630 0.000219 1.82 6.8512421 6.6865858 4.6230000 399.22 200.00 GMRT band3
60089.885127 24.353682 0.000143 1.37 4.5164973 4.1629902 3.4400000 399.22 200.00 GMRT band3
60099.004919 24.353593 0.000035 0.06 1.1962077 1.1656507 3.8940000 399.22 200.00 GMRT band3
60107.839698 24.353565 0.000206 1.92 8.0187050 8.0498223 4.1260000 399.22 200.00 GMRT band3
60117.921933 24.353820 0.000288 1.37 8.9372562 8.3588974 6.5310000 399.22 200.00 GMRT band3
60128.695659 24.353751 0.000103 1.43 4.0291433 2.7732541 2.4595000 399.22 200.00 GMRT band3
60138.835937 24.353860 0.000340 2.54 10.2066012 9.6227261 5.8610000 399.22 200.00 GMRT band3
60149.726099 24.353668 0.000074 0.17 2.8751867 2.0152246 4.5790000 399.22 200.00 GMRT band3
60156.783275 24.353456 0.000221 1.98 6.3904615 6.3742219 4.2905000 399.22 200.00 GMRT band3
60164.624595 24.353947 0.000151 2.15 5.6883860 3.6188483 2.7610000 399.22 200.00 GMRT band3
60174.712210 24.354554 0.000229 1.04 8.5375865 5.3090772 5.5140000 399.22 200.00 GMRT band3
60184.620081 24.353632 0.000509 1.42 15.0243204 15.3272368 8.5930000 399.22 200.00 GMRT band3
60203.572164 24.354478 0.000114 0.55 9.2034826 2.4202729 3.8960000 399.22 200.00 GMRT band3
60213.806308 24.354212 0.000470 1.26 22.0763460 22.3187159 12.6000000 399.22 200.00 GMRT band3
60248.687905 24.354452 0.000240 1.85 10.0328471 5.1815073 4.1010000 399.22 200.00 GMRT band3
60259.458275 24.354309 0.000240 1.31 9.6341091 7.8456610 5.2570000 399.22 200.00 GMRT band3
60267.631423 24.354807 0.000560 1.71 19.0869190 15.5639448 6.6135000 399.22 200.00 GMRT band3
60286.332407 24.354869 0.000293 1.19 15.8089059 7.5948401 6.8260000 399.22 200.00 GMRT band3
60288.559549 24.354731 0.000191 1.73 12.4517555 4.8252666 3.9130000 399.22 200.00 GMRT band3
60301.335127 24.355349 0.000323 0.77 17.6258405 8.8065038 8.9955000 399.22 200.00 GMRT band3
60314.507812 24.354133 0.000807 1.22 31.0295475 28.5364263 25.9455000 399.22 200.00 GMRT band3
60318.299247 24.355095 0.000634 2.63 17.5861148 14.8170844 9.7850000 399.22 200.00 GMRT band3
60328.474942 24.354427 0.000488 0.70 18.9775701 14.1350925 17.4800000 399.95 200.00 GMRT band3
60338.280324 24.355138 0.000292 0.63 14.8832771 5.4068160 6.2485000 399.22 200.00 GMRT band3
60349.382696 24.354929 0.000378 1.08 14.7129171 7.2959364 5.7260000 399.22 200.00 GMRT band3
60359.179803 24.354078 0.000745 1.50 20.7140414 20.2611506 14.8195000 399.22 200.00 GMRT band3
60371.343113 24.354647 0.000220 1.46 12.2490004 5.5822698 3.8040000 399.22 200.00 GMRT band3
60378.084664 24.354254 0.000255 1.71 7.1096679 5.6532239 4.2830000 399.22 200.00 GMRT band3
60388.298900 24.354186 0.000208 0.35 9.7509991 6.8204472 8.4130000 399.22 200.00 GMRT band3
60398.055092 24.354066 0.000414 1.72 12.8080239 11.6602232 10.3880000 399.22 200.00 GMRT band3
