58242.019387 4.596060 0.002111 0.60 22.0830014 17.4755692 14.5700000 449.95 100.00 GMRT band3
58260.103762 4.593632 0.005681 0.75 58.0611515 57.5330407 59.9430000 449.95 100.00 GMRT band3
58276.938252 4.594956 0.001120 1.07 16.7663934 16.2910092 9.6170000 449.95 100.00 GMRT band3
58307.841493 4.594766 0.006485 0.79 38.7550933 38.7472220 53.2880000 449.95 100.00 GMRT band3
58322.757234 4.592586 0.000383 0.74 5.0290611 5.0132222 4.9550000 449.95 100.00 GMRT band3
58340.733160 4.591465 0.001850 1.91 21.8955790 21.4779476 11.8910000 449.95 100.00 GMRT band3
58355.678414 4.594070 0.000476 0.45 4.5083383 4.3757725 6.0145000 449.95 100.00 GMRT band3
58371.698206 4.592775 0.001603 1.28 21.7934988 21.7406787 18.9575000 449.95 100.00 GMRT band3
58389.571586 4.592651 0.003268 1.24 33.9951856 33.9754485 40.4360000 449.95 100.00 GMRT band3
58453.439410 4.597711 0.004360 0.49 78.9177235 78.7797735 83.2090000 449.95 100.00 GMRT band3
58467.419097 4.593033 0.002085 1.02 124.0339286 133.1881416 64.6955000 449.95 100.00 GMRT band3
58481.383217 4.599302 0.004437 1.05 50.1027183 49.0119015 40.3140000 449.95 100.00 GMRT band3
58524.292998 4.593165 0.002015 0.80 18.3300839 18.1182457 21.4310000 449.95 100.00 GMRT band3
58567.072396 4.583978 0.005638 0.67 72.1036297 78.4808198 69.2150000 449.95 100.00 GMRT band3
58809.451447 4.592896 0.000104 0.80 7.7468725 7.7412709 7.0870000 399.80 200.00 GMRT band3
58820.416725 4.593067 0.000152 1.13 15.0791776 14.8765800 9.6440000 399.80 200.00 GMRT band3
58833.417014 4.592895 0.000293 0.91 27.2807357 27.2659600 17.6275000 399.80 200.00 GMRT band3
58846.379340 4.592862 0.000097 0.81 5.6075780 5.5848450 5.1110000 399.80 200.00 GMRT band3
58860.352720 4.592855 0.000089 1.11 9.8349153 9.7421783 6.1040000 399.80 200.00 GMRT band3
58874.332523 4.592893 0.000144 1.23 18.4968174 18.5381234 10.6340000 399.80 200.00 GMRT band3
58896.189641 4.591946 0.000394 1.74 37.2084478 38.3881445 17.4530000 399.80 200.00 GMRT band3
58911.140336 4.592589 0.000349 0.88 40.0475042 40.5536705 27.0770000 399.80 200.00 GMRT band3
58917.224190 4.592166 0.000495 11.72 62.1200787 59.9335877 6.4270000 399.80 200.00 GMRT band3
58921.154919 4.593078 0.000125 0.88 9.2790683 9.0945128 5.6640000 399.80 200.00 GMRT band3
59156.630961 4.591091 0.000421 4.94 25.9117283 25.4703921 12.8385000 399.61 200.00 GMRT band3
59175.508854 4.592386 0.000177 1.20 10.9013537 9.3032964 6.3375000 399.61 200.00 GMRT band3
59187.549247 4.594393 0.000538 10.07 83.1602121 82.8195559 17.6160000 399.61 200.00 GMRT band3
59196.471701 4.5927343 0.0000444 732.93 368.5869525 363.9215889 5.3170000 399.61 200.00 GMRT band3
59208.456076 4.592605 0.000244 2.04 11.9722013 11.7504928 7.1280000 399.61 200.00 GMRT band3
59217.415220 4.592972 0.000097 1.65 6.5155789 6.7856717 3.3070000 399.61 200.00 GMRT band3
59230.371528 4.592565 0.000344 3.61 27.9794408 28.0026863 10.8550000 399.62 200.00 GMRT band3
59238.472916 4.592209 0.000615 0.97 39.3254346 39.0663146 26.4530000 399.62 200.00 GMRT band3
59252.269791 4.5927356 0.0003006 31.06 118.6065022 82.6405958 18.5340000 399.62 200.00 GMRT band3
59264.254398 4.593148 0.000424 4.16 43.9957968 43.7841805 12.6275000 399.62 200.00 GMRT band3
59281.176967 4.593118 0.000149 1.39 15.0580108 15.3844722 8.6410000 399.62 200.00 GMRT band3
59288.180613 4.593527 0.000439 2.34 12.1112161 12.5733879 7.3610000 399.62 200.00 GMRT band3
59301.131423 4.592643 0.000170 2.60 22.2225822 21.2292424 8.1505000 399.62 200.00 GMRT band3
59309.148090 4.591599 0.000553 1.99 121.3847422 124.2250050 33.2780000 399.62 200.00 GMRT band3
59349.117650 4.591986 0.000558 11.90 39.5431349 40.0749167 18.6945000 399.23 200.00 GMRT band3
59360.102257 4.592328 0.000583 9.27 69.3318216 68.9881369 20.1610000 399.23 200.00 GMRT band3
59370.937905 4.592275 0.000209 2.75 11.9114063 10.7127035 4.6070000 399.23 200.00 GMRT band3
59380.898437 4.592238 0.000442 9.61 21.7353007 20.8555251 9.3250000 399.23 200.00 GMRT band3
59391.825521 4.592606 0.000331 3.53 11.4826080 11.2762497 3.9920000 399.23 200.00 GMRT band3
59403.913194 4.592400 0.000347 5.63 23.2134157 23.1437884 6.8410000 399.23 200.00 GMRT band3
59413.775347 4.592547 0.000260 3.56 21.8721943 21.5376891 8.0320000 399.23 200.00 GMRT band3
59425.788947 4.592498 0.000336 3.72 23.7371575 24.1167206 9.0460000 399.22 200.00 GMRT band3
59441.718345 4.592656 0.000271 7.59 14.6244946 14.5468509 4.4920000 399.22 200.00 GMRT band3
59449.660069 4.592837 0.000199 2.34 13.9221670 13.9930051 8.1580000 399.22 200.00 GMRT band3
59460.653530 4.592542 0.000235 7.01 15.3176760 15.5357421 5.3205000 399.22 200.00 GMRT band3
59469.610706 4.592602 0.000230 4.58 13.8300682 13.1441634 4.8650000 399.22 200.00 GMRT band3
59481.629282 4.5928052 0.0002428 79.40 90.5099309 111.3807308 25.1870000 399.22 200.00 GMRT band3
59489.602720 4.592387 0.000233 4.47 8.9280483 8.7574491 4.2550000 399.22 200.00 GMRT band3
59496.556886 4.593317 0.000374 2.09 83.9874502 83.6701594 15.2570000 399.22 200.00 GMRT band3
59520.444271 4.592442 0.000436 50.89 33.8728480 32.9859158 3.6290000 399.22 200.00 GMRT band3
59531.463310 4.592894 0.000798 8.07 59.3432510 59.3826578 29.0800000 399.22 200.00 GMRT band3
59540.535011 4.591799 0.000424 4.91 24.8797376 25.0562946 7.5760000 399.22 200.00 GMRT band3
59551.402199 4.592871 0.000153 2.44 8.0060879 7.9428375 4.8250000 399.22 200.00 GMRT band3
59569.385706 4.592974 0.000178 4.28 10.4073863 10.3933106 5.1140000 399.22 200.00 GMRT band3
59580.321123 4.594170 0.000647 5.58 105.8148591 108.0653401 34.7505000 399.22 200.00 GMRT band3
59590.414062 4.592868 0.000172 2.83 6.6148788 6.6125776 3.1815000 399.22 200.00 GMRT band3
59600.308507 4.593720 0.000241 2.77 9.2212225 12.0665882 3.9910000 399.22 200.00 GMRT band3
59610.257928 4.592554 0.000384 9.32 27.3507185 27.5787229 9.8960000 399.22 200.00 GMRT band3
59621.203761 4.592933 0.000151 2.99 12.8957902 13.1179349 5.4970000 399.22 200.00 GMRT band3
59630.250636 4.590302 0.000585 8.90 42.0080245 42.7926281 16.9625000 399.22 200.00 GMRT band3
59644.242708 4.593494 0.000208 1.38 13.6025597 13.4747468 7.5010000 399.22 200.00 GMRT band3
59650.152835 4.592817 0.000300 6.58 14.9697567 14.9871067 4.7145000 399.22 200.00 GMRT band3
59660.178298 4.592872 0.000505 5.64 50.8856426 50.9515295 19.2270000 399.22 200.00 GMRT band3
59672.059606 4.592774 0.000256 11.26 21.3887629 21.2268321 4.7070000 399.22 200.00 GMRT band3
59696.114294 4.592333 0.000449 6.95 17.5843544 17.0917466 6.7560000 399.22 200.00 GMRT band3
59706.052488 4.592869 0.000094 2.68 7.1931871 7.1939973 3.7695000 399.22 200.00 GMRT band3
59719.081655 4.591504 0.000500 13.36 39.1154947 40.0152894 11.1395000 399.22 200.00 GMRT band3
59726.125636 4.593041 0.000220 4.02 10.8010768 10.9830404 4.8640000 399.22 200.00 GMRT band3
59735.069329 4.589679 0.001127 27.42 98.3765960 99.5689065 23.4760000 399.22 200.00 GMRT band3
59746.883622 4.592855 0.000084 2.02 6.5004461 6.4395943 3.6195000 399.22 200.00 GMRT band3
59756.953472 4.592785 0.000376 3.05 23.2113630 23.4984614 6.4050000 399.22 200.00 GMRT band3
59767.868460 4.592567 0.000691 7.72 34.5817443 34.3426735 11.9025000 399.22 200.00 GMRT band3
59777.907581 4.590331 0.000672 30.18 68.0700116 66.8757315 10.5635000 399.22 200.00 GMRT band3
59788.830266 4.591031 0.000428 5.82 56.6553631 55.7438983 22.0530000 399.22 200.00 GMRT band3
59796.878877 4.590722 0.000448 2.60 26.7194305 26.1178086 16.5990000 399.22 200.00 GMRT band3
59805.771990 4.592787 0.000118 2.80 9.2488520 9.2719969 3.8280000 399.22 200.00 GMRT band3
59816.848785 4.592928 0.000317 5.69 27.6672684 27.8649811 4.8710000 399.22 200.00 GMRT band3
59826.774247 4.592609 0.000696 11.49 71.0986768 70.3201571 27.4765000 399.22 200.00 GMRT band3
59846.735532 4.595577 0.000612 8.98 187.7214212 180.6048545 30.2635000 399.22 200.00 GMRT band3
59897.438947 4.592969 0.000157 3.45 11.9878480 12.0510118 4.6520000 399.22 200.00 GMRT band3
59905.565451 4.592548 0.000577 16.69 22.4661568 22.4583362 3.3340000 399.22 200.00 GMRT band3
59925.409838 4.591628 0.000380 1.99 52.2180558 49.5237966 27.2730000 399.22 200.00 GMRT band3
59936.354803 4.592543 0.000240 8.39 25.5821114 25.5902773 4.9260000 399.22 200.00 GMRT band3
59944.346528 4.589140 0.001079 5.18 49.8979232 53.6265778 27.9690000 399.22 200.00 GMRT band3
59954.272164 4.591615 0.000434 17.04 24.3986921 25.7754046 8.5020000 399.22 200.00 GMRT band3
59964.432813 4.592783 0.000398 2.41 25.5090610 25.5153044 10.9835000 399.22 200.00 GMRT band3
59974.313426 4.590584 0.000421 7.92 39.8419576 37.2874700 15.5900000 399.22 200.00 GMRT band3
59986.319444 4.592592 0.000203 4.50 14.9791130 14.8014516 5.3915000 399.22 200.00 GMRT band3
59994.147395 4.592569 0.000376 9.17 25.8777899 25.5000926 8.9715000 399.22 200.00 GMRT band3
60006.205902 4.592590 0.000450 6.86 28.8948610 29.8266915 4.5060000 399.22 200.00 GMRT band3
60014.250984 4.592638 0.000209 3.43 9.2228593 9.2640120 4.7670000 399.22 200.00 GMRT band3
60034.157928 4.592958 0.000135 4.06 9.6257035 9.6556589 3.6810000 399.22 200.00 GMRT band3
60071.008391 4.592856 0.000151 1.42 10.6534131 10.6979718 5.1310000 399.22 200.00 GMRT band3
60089.926446 4.592749 0.000201 8.53 23.7855006 23.6715947 4.5380000 399.22 200.00 GMRT band3
60098.927488 4.592126 0.000187 4.36 16.1885999 15.4789120 5.1760000 399.22 200.00 GMRT band3
60107.866724 4.592686 0.000098 2.42 9.3509314 9.0134091 4.8900000 399.22 200.00 GMRT band3
60117.976331 4.592541 0.000123 2.35 9.9519216 9.7968050 4.4590000 399.22 200.00 GMRT band3
60128.829456 4.592873 0.000109 1.62 6.6824177 6.6875285 3.8250000 399.22 200.00 GMRT band3
60149.767534 4.592835 0.000117 2.48 9.6675033 9.5886043 4.0730000 399.22 200.00 GMRT band3
60156.818519 4.591813 0.000343 5.71 44.7901109 45.0173541 7.5960000 399.22 200.00 GMRT band3
60164.764178 4.592308 0.000468 9.19 24.2142131 25.0860378 9.3830000 399.22 200.00 GMRT band3
60174.802488 4.593046 0.000074 1.67 5.8337040 6.1238754 3.2180000 399.22 200.00 GMRT band3
60184.647164 4.592949 0.000085 2.99 6.0644680 6.0354295 2.1680000 399.22 200.00 GMRT band3
60203.604803 4.593581 0.000608 3.77 48.2073514 48.6011438 17.4720000 399.22 200.00 GMRT band3
60248.714062 4.593055 0.000395 2.02 38.2575358 38.4389227 22.3350000 399.22 200.00 GMRT band3
60259.493982 4.592341 0.000932 5.44 78.1101197 78.7083087 33.1760000 399.22 200.00 GMRT band3
60286.431424 4.594161 0.000848 3.95 26.5972189 27.2242602 6.3955000 399.22 200.00 GMRT band3
60288.586401 4.593331 0.000643 6.75 56.2762607 56.1447767 17.9380000 399.22 200.00 GMRT band3
60301.384896 4.592326 0.000236 5.39 16.7476710 15.2859669 7.3635000 399.22 200.00 GMRT band3
60318.348958 4.592157 0.000191 3.36 13.6649160 12.9086637 5.4350000 399.22 200.00 GMRT band3
60328.498322 4.592745 0.000606 0.88 72.0350002 72.1527464 54.1530000 399.95 200.00 GMRT band3
60338.340220 4.593101 0.000193 3.17 23.1794906 22.6170576 7.4455000 399.22 200.00 GMRT band3
60349.411516 4.592944 0.000045 1.19 4.7769816 4.9834324 2.1110000 399.22 200.00 GMRT band3
60359.226852 4.593323 0.000260 2.05 60.0373550 60.6744522 34.6020000 399.22 200.00 GMRT band3
60371.372569 4.592817 0.000226 5.26 68.6026527 68.7038806 9.2655000 399.22 200.00 GMRT band3
60378.176215 4.592897 0.000262 5.44 13.7070652 13.7168192 5.7290000 399.22 200.00 GMRT band3
60388.325752 4.592064 0.000354 7.36 20.5721364 23.0623257 6.2340000 399.22 200.00 GMRT band3
60398.160706 4.590884 0.000428 7.46 58.2396180 61.2164880 18.4290000 399.22 200.00 GMRT band3
