58260.103762 4.590880 0.001057 0.75 56.6503654 57.1634406 54.3480000 929.95 200.00 GMRT band3+5
58276.938252 4.593477 0.000508 1.10 16.5186895 15.4817403 9.6220000 929.95 200.00 GMRT band3+5
58307.841493 4.594266 0.000753 0.87 38.1032347 38.5633923 51.2490000 929.95 200.00 GMRT band3+5
58322.757234 4.592831 0.000311 0.72 5.7852927 6.0417828 5.2210000 929.95 200.00 GMRT band3+5
58340.733160 4.592547 0.000667 1.78 20.7614033 20.5144571 12.2145000 929.95 200.00 GMRT band3+5
58355.678414 4.593560 0.000458 0.61 18.4665451 20.6181071 6.1240000 929.95 200.00 GMRT band3+5
58371.698206 4.592614 0.000901 1.21 22.8721670 22.3598845 20.6200000 929.95 200.00 GMRT band3+5
58453.439410 4.592682 0.000478 0.47 77.2525508 76.9705779 83.2090000 929.95 200.00 GMRT band3+5
58467.419097 4.5930338 0.0020851 17.32 598.8892937 572.0811851 64.6955000 929.95 200.00 GMRT band3+5
58481.383217 4.593490 0.001586 1.05 40.7950796 43.8531773 40.3140000 929.95 200.00 GMRT band3+5
58524.292998 4.592584 0.000505 0.77 18.0087414 17.8011741 20.8690000 929.95 200.00 GMRT band3+5
58567.072396 4.603446 0.007573 18.11 362.5451889 317.4970269 69.2150000 929.95 200.00 GMRT band3+5
59156.630961 4.591217 0.000398 4.70 33.2903075 35.6311053 13.3335000 879.85 400.00 GMRT band3+5
59187.549247 4.593983 0.000391 9.56 81.9380924 81.6373777 16.9070000 879.85 400.00 GMRT band3+5
59208.456076 4.592793 0.000225 2.11 12.2982565 12.2921231 7.3080000 879.85 400.00 GMRT band3+5
59217.415220 4.592981 0.000097 1.67 9.6510490 10.0294897 3.5740000 879.85 400.00 GMRT band3+5
59230.371528 4.592686 0.000312 3.57 27.7020369 27.8206433 11.4070000 879.86 400.00 GMRT band3+5
59238.472916 4.592629 0.000549 1.19 58.2849733 59.0271650 27.3490000 879.86 400.00 GMRT band3+5
59264.254398 4.593154 0.000304 4.00 43.4035860 43.1869646 11.9705000 879.86 400.00 GMRT band3+5
59281.176967 4.593119 0.000125 1.36 14.8516951 15.2041330 8.6410000 879.86 400.00 GMRT band3+5
59288.180613 4.593403 0.000359 2.25 11.9194239 12.4519350 8.1770000 879.86 400.00 GMRT band3+5
59301.131423 4.592645 0.000151 2.51 21.9002932 20.8703184 8.0835000 879.86 400.00 GMRT band3+5
59309.148090 4.591632 0.000443 1.96 120.1225539 122.8207995 27.7130000 879.86 400.00 GMRT band3+5
59349.117650 4.592520 0.000399 11.95 39.3105390 39.8232366 17.9135000 879.67 400.00 GMRT band3+5
59360.102257 4.592350 0.000530 8.75 67.9650780 67.5024934 20.1610000 879.67 400.00 GMRT band3+5
59370.937905 4.592311 0.000198 2.62 10.9211308 11.1944884 4.7650000 879.67 400.00 GMRT band3+5
59391.825521 4.592763 0.000280 3.28 12.9422583 13.4706358 4.2900000 879.67 400.00 GMRT band3+5
59403.913194 4.592571 0.000269 5.35 22.6408713 22.4800239 7.4730000 879.67 400.00 GMRT band3+5
59413.775347 4.592546 0.000253 3.41 21.1505244 20.4283040 8.1350000 879.67 400.00 GMRT band3+5
59425.788947 4.592577 0.000312 3.62 23.3704460 24.0317181 9.1300000 879.66 400.00 GMRT band3+5
59441.718345 4.592756 0.000223 7.23 14.1228543 14.0794051 4.7250000 879.66 400.00 GMRT band3+5
59449.660069 4.592818 0.000195 2.30 17.4998678 17.4224778 8.4330000 879.66 400.00 GMRT band3+5
59460.653530 4.592563 0.000225 6.69 42.7061872 45.2987010 5.3900000 879.66 400.00 GMRT band3+5
59469.610706 4.592688 0.000221 4.59 13.9859853 13.7798157 5.0910000 879.66 400.00 GMRT band3+5
59489.602720 4.592415 0.000225 4.31 9.8651914 11.2874463 4.2960000 879.66 400.00 GMRT band3+5
59496.556886 4.593231 0.000267 2.00 83.1298478 82.8322513 15.1140000 879.66 400.00 GMRT band3+5
59520.444271 4.592461 0.000424 48.76 33.2646084 34.8196697 3.6900000 879.66 400.00 GMRT band3+5
59531.463310 4.592692 0.000675 7.76 58.7941328 58.7555161 27.4300000 879.66 400.00 GMRT band3+5
59540.535011 4.591897 0.000387 4.70 23.8589333 24.1141553 8.0120000 879.66 400.00 GMRT band3+5
59551.402199 4.592836 0.000145 2.39 15.5495738 15.2434147 5.1985000 879.66 400.00 GMRT band3+5
59569.385706 4.592979 0.000168 4.06 11.1694853 10.8639214 5.4480000 879.66 400.00 GMRT band3+5
59580.321123 4.593946 0.000472 5.27 104.2602586 106.8791680 33.8830000 879.66 400.00 GMRT band3+5
59590.414062 4.592883 0.000167 2.75 8.2681621 8.2566151 3.5065000 879.66 400.00 GMRT band3+5
59600.308507 4.593714 0.000233 2.59 32.8459067 39.9864377 4.1690000 879.66 400.00 GMRT band3+5
59610.257928 4.592758 0.000327 8.89 26.4175952 26.7804339 9.8960000 879.66 400.00 GMRT band3+5
59621.203761 4.592939 0.000146 2.89 27.0309199 26.7511699 6.1090000 879.66 400.00 GMRT band3+5
59630.250636 4.591570 0.000377 9.75 40.9012142 42.1586549 16.2910000 879.66 400.00 GMRT band3+5
59644.242708 4.593250 0.000159 1.40 13.1889769 13.2575164 7.2765000 879.66 400.00 GMRT band3+5
59650.152835 4.592886 0.000263 6.15 16.5318042 16.5206124 5.0995000 879.66 400.00 GMRT band3+5
59660.178298 4.592812 0.000308 5.26 50.0147606 50.0871349 17.6095000 879.66 400.00 GMRT band3+5
59672.059606 4.592810 0.000224 10.53 20.3890824 20.2554501 4.7790000 879.66 400.00 GMRT band3+5
59696.114294 4.592508 0.000349 6.58 17.3064390 16.6549635 7.0325000 879.66 400.00 GMRT band3+5
59706.052488 4.592865 0.000089 2.48 7.2755529 7.2414451 3.8950000 879.66 400.00 GMRT band3+5
59719.081655 4.591863 0.000423 12.77 37.7361465 39.9883722 11.1395000 879.66 400.00 GMRT band3+5
59735.069329 4.591628 0.000758 28.91 96.6704787 97.6547383 20.4630000 879.66 400.00 GMRT band3+5
59756.953472 4.593119 0.000234 3.01 22.5859181 22.9039611 6.4500000 879.66 400.00 GMRT band3+5
59767.868460 4.592463 0.000460 7.25 34.0986679 33.5199559 10.3880000 879.66 400.00 GMRT band3+5
59777.907581 4.590595 0.000613 29.02 66.3164957 66.8561939 10.7950000 879.66 400.00 GMRT band3+5
59788.830266 4.591640 0.000325 6.16 55.8589477 54.9507430 19.6375000 879.66 400.00 GMRT band3+5
59796.878877 4.591794 0.000325 3.21 26.1635342 25.8893919 13.6510000 879.66 400.00 GMRT band3+5
59805.771990 4.592796 0.000116 2.73 31.5481411 31.4051416 3.9160000 879.66 400.00 GMRT band3+5
59816.848785 4.592940 0.000278 5.32 26.0286551 26.2330050 4.9940000 879.66 400.00 GMRT band3+5
59826.774247 4.592159 0.000503 11.00 70.5090890 69.4877937 24.3660000 879.66 400.00 GMRT band3+5
59846.735532 4.594215 0.000477 10.73 185.8883308 179.2778225 28.5530000 879.66 400.00 GMRT band3+5
59905.565451 4.592621 0.000533 15.57 21.0638067 21.3255502 3.4490000 879.66 400.00 GMRT band3+5
59925.409838 4.591698 0.000370 2.07 53.4498524 50.8259056 28.1940000 879.66 400.00 GMRT band3+5
59944.346528 4.591906 0.000688 6.13 49.6136741 53.8960040 25.4800000 879.66 400.00 GMRT band3+5
59964.432813 4.592895 0.000320 2.26 24.9558013 24.9502088 11.0070000 879.66 400.00 GMRT band3+5
59986.319444 4.592693 0.000182 4.31 14.2268224 14.2450308 5.4900000 879.66 400.00 GMRT band3+5
60014.250984 4.592683 0.000196 3.19 13.6349180 15.1578888 4.9470000 879.66 400.00 GMRT band3+5
60098.927488 4.592133 0.000180 4.08 29.0856002 27.7706354 5.6380000 879.66 400.00 GMRT band3+5
60117.976331 4.592553 0.000112 2.22 10.4651527 9.7503464 4.8970000 879.66 400.00 GMRT band3+5
60156.818519 4.592103 0.000297 5.67 42.8791428 44.0074182 7.9655000 879.66 400.00 GMRT band3+5
60174.802488 4.593032 0.000073 1.66 12.1644838 12.6238277 3.3790000 879.66 400.00 GMRT band3+5
60286.431424 4.593617 0.000482 3.69 25.4894140 26.8206667 7.1740000 879.66 400.00 GMRT band3+5
60301.384896 4.592394 0.000218 5.15 16.7343843 15.6311980 8.8655000 879.66 400.00 GMRT band3+5
60318.348958 4.592555 0.000154 3.90 13.3728066 13.3064756 5.7430000 879.66 400.00 GMRT band3+5
60338.340220 4.593144 0.000172 3.00 22.5608211 21.8637801 8.4670000 879.66 400.00 GMRT band3+5
60359.226852 4.593298 0.000177 1.93 59.6809167 60.2642954 28.9835000 879.66 400.00 GMRT band3+5
60378.176215 4.592886 0.000235 5.03 13.9169038 13.9169734 5.9060000 879.66 400.00 GMRT band3+5
60398.160706 4.591420 0.000344 7.56 56.8952203 60.2794166 15.6490000 879.66 400.00 GMRT band3+5
