58242.072165 9.001417 0.000086 0.35 8.9256725 3.4563192 3.5395000 929.95 200.00 GMRT band3+5
58260.130035 9.002096 0.000364 0.32 22.9812096 22.6933778 11.8510000 929.95 200.00 GMRT band3+5
58276.956540 9.001183 0.000119 0.13 12.5464664 7.8742876 8.1300000 929.95 200.00 GMRT band3+5
58307.863716 9.000254 0.000268 0.13 22.5908751 7.8209667 20.8520000 929.95 200.00 GMRT band3+5
58322.785128 9.001013 0.000177 1.02 12.6916791 5.6147457 5.5885000 929.95 200.00 GMRT band3+5
58340.756598 9.001818 0.000582 1.04 33.1999972 32.7586160 33.8090000 929.95 200.00 GMRT band3+5
58355.701563 9.000987 0.000109 0.59 13.7417708 2.1190469 3.6470000 929.95 200.00 GMRT band3+5
58371.720660 9.001328 0.000110 0.06 9.8994819 1.7806565 10.4540000 929.95 200.00 GMRT band3+5
58453.462095 9.000786 0.000240 0.88 15.2880355 8.1185784 6.0980000 929.95 200.00 GMRT band3+5
58467.442188 9.000238 0.000406 0.38 25.3539634 6.7983441 13.1075000 929.95 200.00 GMRT band3+5
58524.316146 9.001645858 0.0004727 1.45 15.9939864 11.2043787 6.9310000 929.95 200.00 GMRT band3+5
58567.104283 9.002383 0.000553 2.06 6.5969142 6.6056619 3.6900000 929.95 200.00 GMRT band3+5
58782.655903 9.001669 0.000059 2.63 19.9489196 20.5968065 1.3050000 879.95 400.00 GMRT band3+5
58792.533450 9.001365 0.000184 3.23 25.7954864 21.9017774 5.0890000 879.95 400.00 GMRT band3+5
58804.484607 9.001635 0.000098 5.44 10.5950623 12.0625401 1.9070000 879.95 400.00 GMRT band3+5
58813.505382 9.001527 0.000131 4.69 18.3990984 11.8139062 3.3750000 879.95 400.00 GMRT band3+5
58833.324041 9.001661 0.000090 2.93 12.8437514 7.4860710 4.0670000 879.95 400.00 GMRT band3+5
58844.289989 9.001533 0.000062 3.30 13.7414081 3.2390747 1.9360000 879.95 400.00 GMRT band3+5
58854.237674 9.001666 0.000083 7.07 10.6348228 7.3797375 1.5005000 879.95 400.00 GMRT band3+5
58865.290104 9.001609 0.000099 3.63 11.1962390 6.4024214 2.8550000 879.95 400.00 GMRT band3+5
58893.166551 9.002156 0.000106 2.23 8.6213712 9.9374575 4.6245000 879.95 400.00 GMRT band3+5
58903.166088 9.001994 0.000064 1.68 8.8764024 3.9928997 1.6440000 879.95 400.00 GMRT band3+5
58914.213773 9.001841 0.000113 3.12 11.9900832 10.7009702 2.9620000 879.95 400.00 GMRT band3+5
58922.225926 9.001557 0.000385 49.73 1037.9861576 1036.4084347 2.0960000 879.95 400.00 GMRT band3+5
58993.045313 9.001525 0.000077 2.14 15.1083295 6.0000443 3.0535000 879.95 400.00 GMRT band3+5
59001.089293 9.001745 0.000196 1.65 21.5075827 18.6175732 5.6000000 879.95 400.00 GMRT band3+5
59008.910243 9.001582 0.000098 10.78 11.7916106 5.2736512 1.5100000 879.95 400.00 GMRT band3+5
59016.025057 9.001440 0.000110 2.64 25.5532394 19.5811743 7.3280000 879.95 400.00 GMRT band3+5
59022.823321 9.001215 0.000124 3.53 18.2767581 7.8883080 4.5770000 879.95 400.00 GMRT band3+5
59032.951215 9.001712 0.000068 2.13 12.1137605 5.1757923 3.1640000 879.95 400.00 GMRT band3+5
59037.979687 9.001759 0.000104 3.76 9.8525713 5.3042776 3.3390000 879.95 400.00 GMRT band3+5
59044.807869 9.001682 0.000129 3.98 13.0849843 6.6691201 3.8490000 879.95 400.00 GMRT band3+5
59062.710705 9.001708 0.000122 6.86 17.1816619 8.4509001 2.0630000 879.95 400.00 GMRT band3+5
59075.702719 9.001723 0.000137 8.30 12.2063259 5.0496255 2.0450000 879.95 400.00 GMRT band3+5
59082.706365 9.001718 0.000111 6.63 11.6076179 7.5368458 2.5600000 879.95 400.00 GMRT band3+5
59093.703414 9.001810 0.000104 7.79 11.6479027 4.8506741 1.9390000 879.95 400.00 GMRT band3+5
59100.618344 9.001723 0.000069 4.37 13.6520471 6.3158842 1.8330000 879.95 400.00 GMRT band3+5
59106.783390 9.001891 0.000069 2.19 11.4426274 9.9242968 2.0970000 879.95 400.00 GMRT band3+5
59113.630150 9.002412 0.000140 4.02 14.2669191 14.2642499 4.8940000 879.95 400.00 GMRT band3+5
59133.525057 9.001675 0.000067 3.43 12.8718151 4.8965401 1.8480000 879.95 400.00 GMRT band3+5
59156.603472 9.001815 0.000089 1.29 10.9662135 7.5525154 5.1470000 879.85 400.00 GMRT band3+5
59166.495890 9.001818 0.000057 1.87 7.6331421 5.7415862 3.2020000 879.85 400.00 GMRT band3+5
59175.472626 9.001880 0.000077 5.27 7.5291667 5.0965529 2.1350000 879.85 400.00 GMRT band3+5
59187.505670 9.001805 0.000105 9.93 14.4133240 11.3034958 1.7300000 879.85 400.00 GMRT band3+5
59196.535705 9.001841 0.000066 5.43 8.5427216 5.4818204 1.9770000 879.85 400.00 GMRT band3+5
59208.283159 9.001737 0.000072 3.60 17.8822107 14.3327109 1.9400000 879.85 400.00 GMRT band3+5
59217.376735 9.001884 0.000084 13.04 9.1011070 4.1834426 1.2760000 879.85 400.00 GMRT band3+5
59230.327314 9.001854 0.000112 7.35 17.4628508 14.3324683 2.2415000 879.86 400.00 GMRT band3+5
59238.429918 9.001926 0.000101 6.98 5.8314268 4.6284289 1.9385000 879.86 400.00 GMRT band3+5
59252.229166 9.002026 0.000091 2.72 7.4794461 11.8411533 2.4440000 879.86 400.00 GMRT band3+5
59264.218112 9.002472 0.000111 7.98 46.5725514 46.3041854 1.5085000 879.86 400.00 GMRT band3+5
59272.211978 9.001730 0.000527 1.68 53.6688360 51.0357277 26.3215000 879.86 400.00 GMRT band3+5
59281.131076 9.001792 0.000089 5.44 8.7866977 6.5388822 2.4350000 879.86 400.00 GMRT band3+5
59288.136631 9.001696 0.000073 1.75 9.2705653 4.5969700 2.6900000 879.86 400.00 GMRT band3+5
59301.087442 9.001661 0.000082 8.72 10.2914932 4.4484524 1.7620000 879.86 400.00 GMRT band3+5
59309.103877 9.001980 0.000089 8.67 9.1911367 7.1779614 2.1275000 879.86 400.00 GMRT band3+5
59349.147337 9.001854 0.000046 2.40 8.7161831 3.9429282 1.7460000 879.67 400.00 GMRT band3+5
59360.149471 9.001576 0.000105 2.81 17.6737625 11.9389664 3.3755000 879.67 400.00 GMRT band3+5
59380.976446 9.001803 0.000085 6.56 7.0510288 4.8814261 1.5600000 879.67 400.00 GMRT band3+5
59391.862557 9.001825 0.000095 16.24 9.3187384 4.5138219 1.3750000 879.67 400.00 GMRT band3+5
59403.950288 9.001522 0.000060 1.66 10.9179191 5.4907278 3.1090000 879.67 400.00 GMRT band3+5
59413.838193 9.001375 0.000165 5.72 25.0249901 19.9034745 6.1660000 879.67 400.00 GMRT band3+5
59417.913020 9.001916 0.000190 5.69 14.2421556 10.2510817 4.1175000 879.67 400.00 GMRT band3+5
59425.829455 9.001787 0.000097 13.16 10.1519035 4.6839300 1.4230000 879.66 400.00 GMRT band3+5
59441.753298 9.001734 0.000098 14.69 10.1730103 10.4189430 1.5320000 879.66 400.00 GMRT band3+5
59449.702140 9.001791 0.000099 18.06 9.1562620 6.1789179 1.9090000 879.66 400.00 GMRT band3+5
59460.694096 9.001932 0.000115 7.11 8.6211224 4.4553364 2.3625000 879.66 400.00 GMRT band3+5
59469.652603 9.001870 0.000129 13.62 11.2044302 6.9871619 1.8370000 879.66 400.00 GMRT band3+5
59489.674826 9.001706 0.000087 11.60 11.2268897 4.9855278 1.6990000 879.66 400.00 GMRT band3+5
59496.597280 9.001820 0.000060 2.47 10.0640648 3.7952681 2.5190000 879.66 400.00 GMRT band3+5
59520.510068 9.001989 0.000049 2.44 7.7760132 3.8868447 2.0400000 879.66 400.00 GMRT band3+5
59531.501099 9.002024 0.000056 8.92 7.2489505 3.2261150 0.7780000 879.66 400.00 GMRT band3+5
59540.452372 9.001757 0.000075 5.90 8.8037244 5.9068828 1.7940000 879.66 400.00 GMRT band3+5
59551.359374 9.001688 0.000069 4.81 8.7475030 5.8866445 1.1300000 879.66 400.00 GMRT band3+5
59569.420022 9.001891 0.000066 5.22 21.5577707 20.5620168 1.1660000 879.66 400.00 GMRT band3+5
59580.361632 9.001812 0.000060 2.36 9.4327384 4.4471428 2.9255000 879.66 400.00 GMRT band3+5
59590.459143 9.001703 0.000120 6.36 8.8182091 6.3854352 2.2710000 879.66 400.00 GMRT band3+5
59610.296643 9.002401 0.000007 0.18 0.4064309 0.4340104 1.1385000 879.66 400.00 GMRT band3+5
59621.248205 9.002349 0.000063 4.03 28.5707905 28.6773975 1.6250000 879.66 400.00 GMRT band3+5
59630.140162 9.002227 0.000081 6.13 18.1658391 18.4143365 1.9200000 879.66 400.00 GMRT band3+5
59644.335995 9.002456 0.000158 34.75 6.9680533 7.1944475 1.3320000 879.66 400.00 GMRT band3+5
59650.191492 9.001806 0.000069 4.68 9.1939951 6.2670557 1.8150000 879.66 400.00 GMRT band3+5
59660.137905 9.001892 0.000099 9.14 13.2508749 8.2922851 1.5160000 879.66 400.00 GMRT band3+5
59672.127141 9.002026 0.000103 2.36 13.4034543 11.3783943 6.1605000 879.66 400.00 GMRT band3+5
59696.055613 9.001906 0.000121 32.53 8.9822533 5.3296587 1.0480000 879.66 400.00 GMRT band3+5
59706.125347 9.001575 0.000142 10.43 13.1674209 10.8676325 2.3050000 879.66 400.00 GMRT band3+5
59719.161110 9.001821 0.000157 9.37 10.4693198 10.4844811 2.0970000 879.66 400.00 GMRT band3+5
59726.183969 9.001904 0.000128 13.52 40.1723345 40.3262329 1.3870000 879.66 400.00 GMRT band3+5
59735.106654 9.002125 0.000062 10.64 28.2861577 27.7612636 0.7220000 879.66 400.00 GMRT band3+5
59756.868112 9.002098 0.000136 9.71 22.5971162 21.7933233 2.7090000 879.66 400.00 GMRT band3+5
59767.966145 9.001796 0.000061 2.87 8.6219004 4.6428587 2.2930000 879.66 400.00 GMRT band3+5
59777.803935 9.001844 0.000108 2.48 11.7362941 8.2103165 4.2515000 879.66 400.00 GMRT band3+5
59788.905613 9.001500 0.000095 3.82 15.2714638 6.8961785 4.3820000 879.66 400.00 GMRT band3+5
59796.698842 9.001725 0.000098 4.48 11.4866133 13.7161854 2.5825000 879.66 400.00 GMRT band3+5
59816.880381 9.002023 0.000061 4.74 6.2097933 3.4571185 1.7670000 879.66 400.00 GMRT band3+5
59826.649536 9.001954 0.000076 13.35 8.6560759 4.1638493 1.3060000 879.66 400.00 GMRT band3+5
59846.673032 9.001806 0.000094 3.74 11.1552040 8.0927692 3.4040000 879.66 400.00 GMRT band3+5
59887.560416 9.001608 0.000113 4.60 16.1367556 16.2089293 2.3840000 879.66 400.00 GMRT band3+5
59905.604571 9.002047 0.000120 35.02 10.2104175 6.2815345 0.9550000 879.66 400.00 GMRT band3+5
59944.376504 9.001992 0.000096 17.28 5.8475228 6.7824865 1.2180000 879.66 400.00 GMRT band3+5
59986.282870 9.002738 0.000085 4.22 13.4924056 11.0206626 3.1790000 879.66 400.00 GMRT band3+5
60014.191492 9.002105 0.000113 13.85 6.0302074 8.3250699 1.6800000 879.66 400.00 GMRT band3+5
60024.130613 9.002080 0.000097 4.88 9.0049529 9.0345393 2.6110000 879.66 400.00 GMRT band3+5
60062.072974 9.001953 0.000102 18.11 7.0076783 6.9533792 1.6280000 879.66 400.00 GMRT band3+5
60082.973900 9.002076 0.000119 23.30 7.2819416 5.9203066 1.5010000 879.66 400.00 GMRT band3+5
60098.889120 9.001979 0.000117 26.26 9.6698000 5.8527346 1.1070000 879.66 400.00 GMRT band3+5
60117.888309 9.002050 0.000117 16.04 7.5474556 7.4155677 1.8910000 879.66 400.00 GMRT band3+5
60138.870081 9.002259 0.000134 3.83 8.9422808 8.2041444 4.0690000 879.66 400.00 GMRT band3+5
60161.904339 9.002189 0.000059 10.69 5.4510142 5.4704504 0.8140000 879.66 400.00 GMRT band3+5
60174.767997 9.001968 0.000110 21.35 7.9133480 4.8144949 1.2530000 879.66 400.00 GMRT band3+5
60195.698958 9.001957 0.000283 1.69 16.5356705 14.9357351 9.2500000 879.66 400.00 GMRT band3+5
60213.839004 9.001893 0.000104 8.84 8.0159632 6.5296621 1.7370000 879.66 400.00 GMRT band3+5
60259.431307 9.002008 0.000099 6.56 7.0743874 3.7182750 1.9700000 879.66 400.00 GMRT band3+5
60286.388483 9.002130 0.000120 42.03 8.3792023 6.5837284 0.9690000 879.66 400.00 GMRT band3+5
60301.309663 9.001835 0.000083 4.24 7.0340565 6.8256051 2.1600000 879.66 400.00 GMRT band3+5
60318.273379 9.002037 0.000118 3.31 10.5946848 10.0166081 4.6245000 879.66 400.00 GMRT band3+5
60338.369097 9.002465 0.000102 5.74 7.4779045 7.6140711 3.4310000 879.66 400.00 GMRT band3+5
60359.154108 9.002750 0.000094 15.38 9.6803028 6.8579726 1.8230000 879.66 400.00 GMRT band3+5
60378.156828 9.001806 0.000074 4.58 6.7667836 5.6616866 2.2760000 879.66 400.00 GMRT band3+5
60398.111400 9.002196 0.000058 3.03 5.0054134 3.6785432 1.9995000 879.66 400.00 GMRT band3+5
