58242.072165 9.001601 0.001575 1.17 5.7675431 3.6964894 4.0220000 449.95 100.00 GMRT band3
58260.130035 9.001634 0.000456 0.22 3.8901689 3.1952340 6.3380000 449.95 100.00 GMRT band3
58307.863716 9.003430 0.000277 0.00 3.0237256 8.8063488 18.6190000 449.95 100.00 GMRT band3
58322.785128 9.002328 0.000514 0.16 2.5267217 5.6640542 6.2250000 449.95 100.00 GMRT band3
58340.756598 9.002406 0.000792 1.03 3.1846453 4.3844496 2.2100000 449.95 100.00 GMRT band3
58371.720660 9.001326 0.000387 0.01 3.4317881 1.4553634 16.3420000 449.95 100.00 GMRT band3
58389.590625 9.000342 0.000292 0.29 6.1948761 0.7884172 2.1025000 449.95 100.00 GMRT band3
58453.462095 9.000970 0.000303 0.02 3.9908875 0.8041855 8.8230000 449.95 100.00 GMRT band3
58567.104283 9.003765 0.000589 0.67 2.5456634 2.5679185 3.2510000 449.95 100.00 GMRT band3
58782.655903 9.001667 0.000067 3.41 5.9704005 2.3486990 1.0490000 399.80 200.00 GMRT band3
58792.533450 9.001384 0.000204 3.86 11.0916015 8.6020790 4.5690000 399.80 200.00 GMRT band3
58804.484607 9.001625 0.000105 6.16 11.7491925 6.2112025 1.7630000 399.80 200.00 GMRT band3
58809.427837 9.001605 0.000069 0.44 9.8296299 7.2249326 4.7345000 399.80 200.00 GMRT band3
58813.505382 9.001553 0.000173 5.63 10.1412055 6.4009919 3.1635000 399.80 200.00 GMRT band3
58820.393056 9.001670 0.000082 2.28 6.7951192 2.6103700 2.0170000 399.80 200.00 GMRT band3
58833.324041 9.001626 0.000153 3.66 12.2879157 8.3357307 3.6810000 399.80 200.00 GMRT band3
58844.289989 9.001535 0.000094 4.01 10.7232539 3.5915073 1.8495000 399.80 200.00 GMRT band3
58846.357348 9.001545 0.000169 1.47 12.3878342 10.0449651 6.6335000 399.80 200.00 GMRT band3
58854.237674 9.001653 0.000097 8.90 10.5493432 5.6182778 1.4060000 399.80 200.00 GMRT band3
58860.325463 9.001598 0.000092 2.49 9.1243970 3.2767244 2.1690000 399.80 200.00 GMRT band3
58865.290104 9.001492 0.000128 4.00 10.0522274 6.4358859 2.7690000 399.80 200.00 GMRT band3
58874.197087 9.001792 0.000130 12.99 8.1025456 5.4526274 1.3200000 399.80 200.00 GMRT band3
58887.225058 9.001903 0.000099 3.14 6.4123717 5.0702696 1.9960000 399.80 200.00 GMRT band3
58893.166551 9.002142 0.000122 2.74 7.3879772 7.7547113 3.4840000 399.80 200.00 GMRT band3
58896.162559 9.001926 0.000200 1.03 14.8506295 13.5578851 11.2340000 399.80 200.00 GMRT band3
58903.166088 9.002014 0.000072 1.92 4.1142636 2.4974916 1.5645000 399.80 200.00 GMRT band3
58911.113023 9.001650 0.000128 7.28 9.3280274 5.7888844 2.5890000 399.80 200.00 GMRT band3
58914.213773 9.001822 0.000138 3.85 6.0942497 3.7659268 2.5740000 399.80 200.00 GMRT band3
58917.204341 9.001813 0.000252 2.22 11.8826582 11.1000251 7.5490000 399.80 200.00 GMRT band3
58921.127721 9.001618 0.000161 1.85 8.5882219 6.0938108 5.3685000 399.80 200.00 GMRT band3
58922.225926 9.001603 0.000142 6.77 11.5529216 6.5218005 2.0290000 399.80 200.00 GMRT band3
58993.045313 9.001426 0.000113 2.49 12.9170364 6.8880324 2.7055000 399.80 200.00 GMRT band3
59001.089293 9.001702 0.000236 1.92 15.6740748 11.9440002 5.1150000 399.80 200.00 GMRT band3
59008.910243 9.001277 0.000161 10.85 10.9229574 5.8460763 1.4240000 399.80 200.00 GMRT band3
59016.025057 8.999738 0.000320 1.40 25.6203097 20.1334095 11.1360000 399.80 200.00 GMRT band3
59022.823321 9.000948 0.000208 3.73 15.0144596 8.3799360 4.5770000 399.80 200.00 GMRT band3
59032.951215 9.001559 0.000103 2.18 11.0316881 5.8602020 2.6020000 399.80 200.00 GMRT band3
59037.979687 9.001716 0.000143 4.97 8.6448221 5.8970220 2.4515000 399.80 200.00 GMRT band3
59044.807869 9.001581 0.000168 4.40 11.9178888 7.5737880 3.4960000 399.80 200.00 GMRT band3
59062.710705 9.001727 0.000135 7.86 9.2511499 5.0265060 1.7800000 399.80 200.00 GMRT band3
59075.702719 9.001726 0.000159 10.19 9.4735481 6.0905339 1.9135000 399.80 200.00 GMRT band3
59082.706365 9.001493 0.000178 7.27 10.5221881 8.3387655 2.4620000 399.80 200.00 GMRT band3
59093.703414 9.001847 0.000150 9.57 9.6314807 5.4231924 1.7710000 399.80 200.00 GMRT band3
59100.618344 9.001692 0.000100 5.37 8.5633836 3.8566241 1.5690000 399.80 200.00 GMRT band3
59106.783390 9.001885 0.000085 2.62 6.2746694 3.8791303 1.6270000 399.80 200.00 GMRT band3
59113.630150 9.002763 0.000226 4.09 15.3005467 15.2808515 4.9210000 399.80 200.00 GMRT band3
59133.525057 9.001678 0.000093 4.38 9.0554923 5.6959299 1.6330000 399.80 200.00 GMRT band3
59156.603472 9.001587 0.000152 1.34 11.3682104 7.7833016 5.2850000 399.61 200.00 GMRT band3
59166.495890 9.001639 0.000100 1.68 6.8593707 5.7328625 3.4630000 399.61 200.00 GMRT band3
59175.472626 9.001869 0.000089 6.26 6.6192584 5.3249285 1.7520000 399.61 200.00 GMRT band3
59187.505670 9.001816 0.000124 12.73 8.9232431 4.8307380 1.5055000 399.61 200.00 GMRT band3
59196.535705 9.001758 0.000101 6.24 8.4699189 5.6190555 1.8480000 399.61 200.00 GMRT band3
59208.283159 9.001739 0.000080 4.35 8.4201822 4.1344784 1.7650000 399.61 200.00 GMRT band3
59217.376735 9.001849 0.000111 16.15 8.5175052 5.1008749 0.8990000 399.61 200.00 GMRT band3
59230.327314 9.001856 0.000128 9.27 10.6403657 7.3598186 2.1485000 399.62 200.00 GMRT band3
59238.429918 9.001889 0.000119 7.94 5.6160496 4.2836871 1.7670000 399.62 200.00 GMRT band3
59252.229166 9.002015 0.000097 3.05 6.2770904 5.0656413 2.3870000 399.62 200.00 GMRT band3
59264.218112 9.002458 0.000118 8.92 5.0810259 5.5054901 1.4270000 399.62 200.00 GMRT band3
59272.211978 9.001580 0.000628 1.92 39.6695145 39.0972887 22.3580000 399.62 200.00 GMRT band3
59281.131076 9.001742 0.000104 6.20 10.0012301 6.4308735 2.0390000 399.62 200.00 GMRT band3
59288.136631 9.001566 0.000082 1.58 8.8814838 3.8081503 2.4165000 399.62 200.00 GMRT band3
59301.087442 9.001571 0.000118 9.58 9.1596864 4.5429390 1.4570000 399.62 200.00 GMRT band3
59309.103877 9.001933 0.000141 10.84 9.7378195 8.2445110 1.9550000 399.62 200.00 GMRT band3
59349.147337 9.001862 0.000084 3.02 6.8227350 4.5285328 1.4910000 399.23 200.00 GMRT band3
59360.149471 9.001445 0.000118 2.74 10.4944755 6.0073124 2.7805000 399.23 200.00 GMRT band3
59380.976446 9.001713 0.000114 8.06 5.5910335 2.8178669 1.4290000 399.23 200.00 GMRT band3
59391.862557 9.001822 0.000130 20.83 7.5564007 5.5869129 1.0600000 399.23 200.00 GMRT band3
59403.950288 9.001499 0.000184 2.16 9.3262787 5.8429769 3.8770000 399.23 200.00 GMRT band3
59413.838193 9.000163 0.000367 4.43 26.5970735 20.7458616 7.0540000 399.23 200.00 GMRT band3
59417.913020 9.002053 0.000268 7.11 13.2374193 11.3963494 3.6290000 399.23 200.00 GMRT band3
59425.829455 9.001752 0.000140 16.78 9.3978579 5.2759981 1.2100000 399.22 200.00 GMRT band3
59441.753298 9.001730 0.000112 19.02 8.7144007 6.4355728 1.1360000 399.22 200.00 GMRT band3
59449.702140 9.001691 0.000167 21.95 8.8383498 6.6470596 1.7160000 399.22 200.00 GMRT band3
59460.694096 9.001939 0.000144 8.84 8.0320700 5.3587901 1.7945000 399.22 200.00 GMRT band3
59469.652603 9.001909 0.000216 15.93 10.5687802 7.5821504 1.6000000 399.22 200.00 GMRT band3
59489.674826 9.001621 0.000124 13.92 10.0896017 5.2934418 1.5900000 399.22 200.00 GMRT band3
59496.597280 9.001798 0.000092 2.93 6.9212017 3.7014872 2.1500000 399.22 200.00 GMRT band3
59520.510068 9.002037 0.000067 2.93 5.2587591 4.2994830 1.7420000 399.22 200.00 GMRT band3
59531.501099 9.002027 0.000063 10.96 4.4239880 2.6095546 0.6680000 399.22 200.00 GMRT band3
59540.452372 9.001757 0.000090 7.26 7.5517220 3.9167096 1.4290000 399.22 200.00 GMRT band3
59551.359374 9.001687 0.000077 5.90 5.1951923 1.9215619 0.9650000 399.22 200.00 GMRT band3
59569.420022 9.001894 0.000072 6.20 6.8470114 3.3892532 1.0515000 399.22 200.00 GMRT band3
59580.361632 9.001598 0.000105 2.40 8.6054975 4.9964745 2.6495000 399.22 200.00 GMRT band3
59590.459143 9.001692 0.000137 7.73 6.4446853 6.5400892 1.9055000 399.22 200.00 GMRT band3
59610.296643 9.002408 0.000008 0.21 0.2539732 0.2565930 0.6640000 399.22 200.00 GMRT band3
59621.248205 9.002341 0.000070 4.92 3.5297594 3.4727779 1.3140000 399.22 200.00 GMRT band3
59630.140162 9.002225 0.000093 7.95 6.1079994 4.8489947 1.5210000 399.22 200.00 GMRT band3
59644.335995 9.002535 0.000212 45.14 8.4197848 8.6273870 1.2040000 399.22 200.00 GMRT band3
59650.191492 9.001669 0.000129 5.59 9.2963109 6.6545369 1.7700000 399.22 200.00 GMRT band3
59660.137905 9.001893 0.000109 11.01 9.5118017 6.0415743 1.2155000 399.22 200.00 GMRT band3
59672.127141 9.001750 0.000253 2.81 14.0495500 12.3836152 6.5840000 399.22 200.00 GMRT band3
59696.055613 9.001896 0.000153 40.45 8.8540555 5.9973324 0.9245000 399.22 200.00 GMRT band3
59706.125347 9.001559 0.000157 12.35 9.9171120 5.8583250 1.9790000 399.22 200.00 GMRT band3
59719.161110 9.001795 0.000184 12.13 7.6408810 6.0212347 1.7825000 399.22 200.00 GMRT band3
59726.183969 9.001900 0.000143 16.68 8.2839408 6.1971289 1.2130000 399.22 200.00 GMRT band3
59735.106654 9.002125 0.000073 14.75 4.1468218 2.9502643 0.5900000 399.22 200.00 GMRT band3
59746.907812 9.001880 0.000131 40.10 8.3095594 6.0643593 0.8270000 399.22 200.00 GMRT band3
59756.868112 9.002098 0.000158 12.32 8.2377390 7.5683907 2.3680000 399.22 200.00 GMRT band3
59767.966145 9.001614 0.000071 2.21 8.8476769 4.0467803 2.0100000 399.22 200.00 GMRT band3
59777.803935 9.001711 0.000233 2.94 11.5025391 8.8427479 4.6780000 399.22 200.00 GMRT band3
59788.905613 9.001108 0.000187 3.81 12.5829346 7.2838464 4.3020000 399.22 200.00 GMRT band3
59796.698842 9.001685 0.000109 5.22 8.5391997 6.2114873 1.8055000 399.22 200.00 GMRT band3
59805.838309 9.001711 0.000098 2.94 9.3156229 5.8996102 2.6990000 399.22 200.00 GMRT band3
59816.880381 9.002019 0.000090 6.07 5.5070912 3.9717692 1.5280000 399.22 200.00 GMRT band3
59826.649536 9.001937 0.000100 16.33 7.7906875 4.6998125 1.0640000 399.22 200.00 GMRT band3
59846.673032 9.001704 0.000156 4.28 10.9064457 8.8914894 3.2300000 399.22 200.00 GMRT band3
59887.560416 9.001593 0.000134 6.02 12.0020715 6.9087933 2.2340000 399.22 200.00 GMRT band3
59897.411747 9.001808 0.000107 15.54 8.4010417 5.3791338 1.1155000 399.22 200.00 GMRT band3
59905.604571 9.002051 0.000134 41.47 10.7310563 8.6742276 0.8010000 399.22 200.00 GMRT band3
59944.376504 9.001985 0.000105 20.43 8.0852133 6.2249297 1.1085000 399.22 200.00 GMRT band3
59954.246354 9.001843 0.000144 13.81 8.0491988 7.8903702 1.8565000 399.22 200.00 GMRT band3
59974.339062 9.001597 0.000144 10.04 9.9584066 5.9904188 1.9865000 399.22 200.00 GMRT band3
59986.282870 9.002800 0.000198 5.13 13.6186418 12.1399666 3.3670000 399.22 200.00 GMRT band3
59994.171411 9.002611 0.000146 55.55 7.8446307 8.5716968 0.8040000 399.22 200.00 GMRT band3
60014.191492 9.002084 0.000127 16.77 6.2495060 5.4182488 1.3865000 399.22 200.00 GMRT band3
60024.130613 9.002073 0.000107 5.73 8.2240501 6.6436325 1.8040000 399.22 200.00 GMRT band3
60034.133506 9.002265 0.000056 6.59 2.4665446 1.9540245 0.8410000 399.22 200.00 GMRT band3
60062.072974 9.001803 0.000135 20.27 8.5558976 6.3114410 1.4120000 399.22 200.00 GMRT band3
60071.032580 9.002216 0.000108 6.70 5.3892068 4.5633552 2.0020000 399.22 200.00 GMRT band3
60082.973900 9.002076 0.000135 28.45 8.0497189 6.7413176 1.1540000 399.22 200.00 GMRT band3
60089.950404 9.002044 0.000142 80.65 7.8880414 6.4908525 0.5765000 399.22 200.00 GMRT band3
60098.889120 9.001975 0.000134 32.73 9.7969959 7.6672487 0.9535000 399.22 200.00 GMRT band3
60107.890682 9.002068 0.000121 32.18 7.0910096 5.9219122 0.9180000 399.22 200.00 GMRT band3
60117.888309 9.002016 0.000142 20.69 6.7700702 5.4500813 1.6460000 399.22 200.00 GMRT band3
60128.853182 9.002052 0.000150 49.91 7.8016178 6.5313289 0.9120000 399.22 200.00 GMRT band3
60138.870081 9.002227 0.000171 4.97 7.0983565 6.6276465 2.8020000 399.22 200.00 GMRT band3
60149.791319 9.002211 0.000055 11.41 2.6584053 2.0261962 0.6745000 399.22 200.00 GMRT band3
60161.904339 9.002189 0.000068 13.64 4.0906381 3.5816546 0.7400000 399.22 200.00 GMRT band3
60164.788425 9.002106 0.000097 27.93 7.1977328 5.1135704 0.7795000 399.22 200.00 GMRT band3
60174.767997 9.001912 0.000148 27.44 8.1145487 6.2228751 0.9450000 399.22 200.00 GMRT band3
60184.672511 9.002233 0.000081 27.52 6.3295501 5.6007810 0.7385000 399.22 200.00 GMRT band3
60195.698958 9.002083 0.000407 2.02 9.4357938 10.5086664 7.4460000 399.22 200.00 GMRT band3
60203.642939 9.001876 0.000125 15.25 7.1785356 5.5969433 1.0230000 399.22 200.00 GMRT band3
60213.839004 9.001827 0.000122 10.24 8.2363628 5.1346975 1.5880000 399.22 200.00 GMRT band3
60248.737442 9.001944 0.000156 25.50 10.3782768 7.7336142 1.1860000 399.22 200.00 GMRT band3
60259.431307 9.002010 0.000111 8.12 6.5332136 4.9770679 1.8050000 399.22 200.00 GMRT band3
60267.683390 9.002202 0.000169 7.91 10.1843105 9.9078637 2.5865000 399.22 200.00 GMRT band3
60286.388483 9.002128 0.000135 52.88 10.2085735 8.5394190 0.8120000 399.22 200.00 GMRT band3
60288.610821 9.001656 0.000211 3.63 10.9210308 10.8577799 5.4950000 399.22 200.00 GMRT band3
60301.309663 9.001812 0.000089 4.72 7.2336546 4.4466848 1.8600000 399.22 200.00 GMRT band3
60314.557117 9.002027 0.000128 3.47 8.3695285 6.4913623 3.1120000 399.22 200.00 GMRT band3
60318.273379 9.001872 0.000179 3.55 11.5729230 10.1032243 4.6190000 399.22 200.00 GMRT band3
60328.519213 9.002312 0.000133 3.66 7.1374506 6.6421522 2.4990000 399.95 200.00 GMRT band3
60338.369097 9.002479 0.000140 6.91 7.4839351 7.8124178 2.8410000 399.22 200.00 GMRT band3
60349.437384 9.002935 0.000104 9.36 4.9351347 4.8997996 0.9310000 399.22 200.00 GMRT band3
60359.154108 9.002625 0.000125 17.68 7.8956003 7.4003382 1.5740000 399.22 200.00 GMRT band3
60371.398379 9.002238 0.000072 6.05 4.9029876 4.6504838 1.5440000 399.22 200.00 GMRT band3
60378.156828 9.001673 0.000087 4.30 6.8175407 5.0984862 1.7760000 399.22 200.00 GMRT band3
60388.349768 9.002329 0.000155 21.12 7.0458541 6.6593759 1.2870000 399.22 200.00 GMRT band3
60398.111400 9.002202 0.000075 3.90 4.2291403 3.3591193 1.4985000 399.22 200.00 GMRT band3
