58276.973091 13.7326316182 0.00168580000000000000 0.23 30.2549277 4.5868992 11.9420000 449.95 100.00 GMRT band3
58322.838715 13.721016 0.003246 1.21 13.4631116 11.9475952 12.9510000 449.95 100.00 GMRT band3
58340.804919 13.720870 0.004868 1.86 13.1902569 11.5598565 15.4680000 449.95 100.00 GMRT band3
57711.434954 13.723628 0.001304 1.83 75.7004167 47.7125911 25.0250000 400.05 200.00 GMRT band3
57768.373553 13.724707 0.000956 1.28 61.0753425 22.7979972 26.2940000 400.05 200.00 GMRT band3
57782.275058 13.723348 0.000765 0.43 57.4015822 30.2590952 38.6330000 400.05 200.00 GMRT band3
57796.134317 13.724366 0.000639 0.54 51.6138057 25.7232807 27.6670000 400.05 200.00 GMRT band3
57816.519618 13.723392 0.000960 1.48 53.8419335 28.5107710 20.7400000 400.05 200.00 GMRT band3
57873.070544 13.723625 0.001076 0.60 43.2210455 28.1263416 31.6010000 400.05 200.00 GMRT band3
57885.987558 13.723505 0.000743 1.93 43.6411569 17.4846495 14.7200000 400.05 200.00 GMRT band3
57898.022512 13.723366 0.000749 2.12 54.9705562 17.6884994 12.7530000 400.05 200.00 GMRT band3
57911.975868 13.723057 0.000951 1.55 42.3561913 25.3800954 18.8390000 400.05 200.00 GMRT band3
57942.957234 13.724423 0.000864 0.59 58.4019406 21.6403996 29.8900000 400.05 200.00 GMRT band3
57970.755035 13.722140 0.000536 0.22 30.4031574 11.6766706 23.4375000 400.05 200.00 GMRT band3
57985.749769 13.725466 0.002010 0.51 62.4805515 53.1099399 103.2325000 400.05 200.00 GMRT band3
57997.716146 13.723872 0.000575 0.43 52.1304384 15.6479353 17.3960000 400.05 200.00 GMRT band3
58012.605382 13.723436 0.000889 0.72 36.2434879 15.3284583 17.5640000 400.05 200.00 GMRT band3
58090.444444 13.725364 0.001338 1.35 86.6872159 40.1647639 31.1120000 400.05 200.00 GMRT band3
58110.670602 13.721025 0.000975 0.62 49.5413225 38.8121067 33.4990000 400.05 200.00 GMRT band3
58133.287674 13.718782 0.001155 0.22 19.7745918 19.6379354 37.6770000 400.05 200.00 GMRT band3
59747.000752 13.719049 0.000112 0.33 5.2307730 2.0216719 4.2780000 399.22 200.00 GMRT band3
59897.469271 13.7183060738 0.00046837000 1.97 15.2665510 15.3603756 9.7960000 399.22 200.00 GMRT band3
59954.304630 13.718478 0.000129 0.73 2.8077693 2.8027298 2.8680000 399.22 200.00 GMRT band3
59994.196701 13.719341 0.000510 5.45 18.5705558 19.7776982 5.9140000 399.22 200.00 GMRT band3
60034.107928 13.718475 0.000171 2.98 3.3452749 3.3526015 2.4500000 399.22 200.00 GMRT band3
60070.980498 13.718813 0.000153 1.91 5.7472452 4.6417624 3.3860000 399.22 200.00 GMRT band3
60089.977025 13.718706 0.000128 1.82 4.3444406 4.0464631 2.9405000 399.22 200.00 GMRT band3
60107.917245 13.718888 0.000172 3.03 7.3583595 6.1258864 2.7200000 399.22 200.00 GMRT band3
60128.802025 13.718908 0.000156 2.75 6.1903637 4.7426516 2.7870000 399.22 200.00 GMRT band3
60149.844155 13.718603 0.000219 4.07 6.9253031 6.7847442 3.1170000 399.22 200.00 GMRT band3
60164.736053 13.718817 0.000118 1.08 5.6705224 4.2328746 2.7985000 399.22 200.00 GMRT band3
60184.697974 13.718518 0.000021 0.39 0.7654909 0.6001854 1.0490000 399.22 200.00 GMRT band3
60203.669502 13.718438 0.000295 1.32 9.1107400 9.0716858 5.4430000 399.22 200.00 GMRT band3
